8.115406697788247,0.22747288767316914,28.936920166015625,28.936920166015625
7.866877393409709,0.7913215238166246,27.983917236328125,28.937042236328125
7.592299082351942,1.3907352692661201,27.033355712890625,28.937042236328125
7.359792661207188,1.8545259681631696,26.082794189453125,28.937042236328125
7.142011767190294,2.443497227224305,25.129547119140625,28.936920166015625
6.8266768780459595,3.0977319221609125,24.178985595703125,28.937042236328125
6.638037620283786,3.618051735266411,23.228546142578125,28.936920166015625
6.3873473266604295,4.145134068229326,22.275177001953125,28.937042236328125
6.106276245111385,4.852093646144667,21.324615478515625,28.936920166015625
5.816458968956932,5.26107896491093,20.374176025390625,28.937042236328125
5.581152385822267,5.841313814171315,19.420806884765625,28.936920166015625
5.250424621199059,6.438939524300648,18.470367431640625,28.936920166015625
5.072878846345878,7.006342097573196,17.519805908203125,28.936920166015625
4.787160167912018,7.583339531914034,16.566436767578125,28.936920166015625
4.564790393726171,8.132231817475791,15.615997314453125,28.936920166015625
4.325740991317377,8.714501128957545,14.665557861328125,28.936920166015625
3.908035172158371,9.267346087732488,13.712188720703125,28.936920166015625
3.7231468723515295,9.911556905557863,12.761627197265625,28.936920166015625
3.5064018579987972,10.488388571442492,11.811065673828125,28.936920166015625
3.2736929277076885,11.053647743292544,10.857696533203125,28.936920166015625
3.0783615486105167,11.638199602470507,9.907257080078125,28.936920166015625
2.732905947403358,12.180636404661842,8.956817626953125,28.936920166015625
2.5610083860655783,12.85043887374156,8.003448486328125,28.936920166015625
2.209409603426147,13.468045970118608,7.052886962890625,28.936920166015625
2.06165156005384,14.154456097264148,6.102447509765625,28.936920166015625
1.772230176049066,14.642745896929268,5.149078369140625,28.936920166015625
1.557227956667086,15.206986578585196,4.198638916015625,28.936920166015625
1.2660823323639958,15.802665009387521,3.248077392578125,28.936920166015625
1.0103889856576733,16.507743481329218,2.294708251953125,28.936920166015625
0.6660660895505349,16.883419376492824,1.344268798828125,28.936920166015625
0.4772077967694074,17.69867215437212,0.393707275390625,28.937042236328125
7.904453199683135,-0.2505572993882402,28.936920166015625,27.983795166015625
7.660491349074504,0.2617015719100204,27.983917236328125,27.983917236328125
7.372370183639865,0.8193988551049042,27.033355712890625,27.983795166015625
7.1144628151567675,1.3887482539904672,26.082794189453125,27.983795166015625
6.8643862095874475,1.9117714374042718,25.129547119140625,27.983795166015625
6.59472956999686,2.5355037264654117,24.178985595703125,27.983795166015625
6.3949531433463,3.0863924059359813,23.228424072265625,27.983917236328125
6.139377218132057,3.7194269570117453,22.275177001953125,27.983917236328125
5.854008302917905,4.175807579338184,21.324737548828125,27.983795166015625
5.598567476293296,4.7686947044428685,20.374176025390625,27.983917236328125
5.330995834853807,5.3452457085626,19.420806884765625,27.983795166015625
5.066138137124608,5.850745260590222,18.470367431640625,27.983795166015625
4.849343484943073,6.428447051382981,17.519805908203125,27.983795166015625
4.637547440303279,7.064245479825269,16.566436767578125,27.983795166015625
4.342909698462148,7.6804788924981855,15.615997314453125,27.983795166015625
4.0859019847782685,8.21093796290785,14.665435791015625,27.983795166015625
3.816350623154895,8.801972065070206,13.712066650390625,27.983795166015625
3.5438391540844774,9.288435052548516,12.761505126953125,27.983795166015625
3.2862176669007863,9.97435323993681,11.811065673828125,27.983795166015625
3.0641380033551697,10.564878163024726,10.857696533203125,27.983795166015625
2.7809379485257675,11.091275465979122,9.907257080078125,27.983795166015625
2.5187907314887457,11.605168932680387,8.956817626953125,27.983795166015625
2.299217071737986,12.404342380098324,8.003326416015625,27.983795166015625
1.9880664975955147,12.95335304558317,7.052886962890625,27.983795166015625
1.7442830010362003,13.448010477466704,6.102447509765625,27.983795166015625
1.5068380576494873,14.06343863049533,5.149078369140625,27.983795166015625
1.230600430198038,14.709128187032276,4.198638916015625,27.983795166015625
1.018073235121375,15.264359661243931,3.248077392578125,27.983795166015625
0.71034102677458,15.883973260255125,2.294708251953125,27.983795166015625
0.4757102345474888,16.509237286065908,1.344268798828125,27.983795166015625
0.26567718319756095,17.136806122722643,0.393707275390625,27.983795166015625
7.661422292607444,-0.8065690995271944,28.937042236328125,27.033355712890625
7.415850923062979,-0.2558062370830202,27.983795166015625,27.033355712890625
7.116308822557301,0.29228870756555075,27.033355712890625,27.033355712890625
6.886283135470356,0.8379107374901934,26.082794189453125,27.033355712890625
6.647656884656669,1.466744052599062,25.129425048828125,27.033355712890625
6.3269472134009845,1.9097756344104744,24.178985595703125,27.033355712890625
6.142255229267959,2.538012292208346,23.228424072265625,27.033355712890625
5.896383925940074,3.049169964669376,22.275177001953125,27.033355712890625
5.60421278337558,3.6394825609623966,21.324737548828125,27.033355712890625
5.333332027403269,4.159886031925552,20.374176025390625,27.033355712890625
5.111901541359027,4.718903074252538,19.420806884765625,27.033355712890625
4.846845648881435,5.308982184125785,18.470367431640625,27.033355712890625
4.566541285130082,5.970783069723493,17.519805908203125,27.033355712890625
4.356825671644949,6.4977156059879295,16.566436767578125,27.033355712890625
4.051322467601242,7.029664234471838,15.615997314453125,27.033233642578125
3.816107134089,7.580998527867413,14.665557861328125,27.033355712890625
3.5210157347785827,8.212335589147427,13.712066650390625,27.033355712890625
3.265725142064083,8.785287204936125,12.761627197265625,27.033233642578125
3.0719377586994097,9.477608572986709,11.811065673828125,27.033233642578125
2.8239408147064626,9.965293472999894,10.857696533203125,27.033233642578125
2.547631169719224,10.532499467341784,9.907257080078125,27.033233642578125
2.2218807931466222,11.115999899688351,8.956695556640625,27.033355712890625
2.043775719857307,11.752089176818346,8.003448486328125,27.033355712890625
1.7239165310736597,12.347244009042038,7.053009033203125,27.033233642578125
1.5783347782171342,12.903986223135536,6.102447509765625,27.033233642578125
1.2851778717374773,13.558537367558746,5.149078369140625,27.033233642578125
0.9902692338213757,14.112843482195926,4.198516845703125,27.033355712890625
0.7240503554028885,14.679565032995823,3.248077392578125,27.033233642578125
0.43342233217283876,15.324237350736217,2.294708251953125,27.033233642578125
0.2566014433179123,15.930140038547721,1.344268798828125,27.033355712890625
-0.05136348952241872,16.526642229297252,0.393707275390625,27.033355712890625
7.350691832476462,-1.4362329120529147,28.936920166015625,26.082794189453125
7.1326898088303725,-0.7496619515404283,27.983795166015625,26.082794189453125
6.834676892018624,-0.2895836826830933,27.033355712890625,26.082794189453125
6.561403139345234,0.2677559752053353,26.082916259765625,26.082916259765625
6.3148242779974195,0.7566649118786912,25.129425048828125,26.082794189453125
6.068515337684775,1.4271458870735894,24.178985595703125,26.082916259765625
5.882209166472858,1.9811145665716798,23.228424072265625,26.082794189453125
5.630872106067525,2.567463702738579,22.275054931640625,26.082794189453125
5.318455174537932,3.180875588883536,21.324615478515625,26.082794189453125
5.110396402596813,3.590713078725049,20.374176025390625,26.082794189453125
4.826161885674067,4.246456789065727,19.420928955078125,26.082794189453125
4.563879261825336,4.816292213023724,18.470367431640625,26.082794189453125
4.314140957147832,5.428410546034524,17.519805908203125,26.082794189453125
4.110480327346695,5.938417319818143,16.566436767578125,26.082794189453125
3.7774460128774567,6.4841383996627835,15.615997314453125,26.082794189453125
3.5588823653533326,7.030660344641151,14.665435791015625,26.082794189453125
3.238336160733108,7.654499070975896,13.712066650390625,26.082794189453125
3.032335442885963,8.238463837016866,12.761627197265625,26.082794189453125
2.807391617533001,8.829540309483187,11.811065673828125,26.082794189453125
2.619253478516684,9.566640575871572,10.857696533203125,26.082794189453125
2.2181145124593225,9.970591429929794,9.907257080078125,26.082794189453125
2.0245929988390023,10.582366056401769,8.956695556640625,26.082794189453125
1.7186220508157966,11.124100660714687,8.003326416015625,26.082794189453125
1.4934591922991571,11.737852618668978,7.052886962890625,26.082794189453125
1.2752943552149456,12.338546950344695,6.102447509765625,26.082794189453125
1.0245511186683438,12.971529831881536,5.149078369140625,26.082794189453125
0.7008860596982807,13.51711040680619,4.198516845703125,26.082794189453125
0.4766549065646402,14.142874191925294,3.248077392578125,26.082794189453125
0.2344598484180395,14.723128004830675,2.294708251953125,26.082794189453125
-0.02205937180296326,15.32228901272645,1.344268798828125,26.082794189453125
-0.22529291973697782,15.95216075118392,0.393829345703125,26.082794189453125
7.113978433986839,-1.8816665369072312,28.937042236328125,25.129425048828125
6.875253665481148,-1.4397603674753077,27.983917236328125,25.129547119140625
6.648441785621659,-0.7935999625186372,27.033355712890625,25.129425048828125
6.356774607950229,-0.31653842967426443,26.082916259765625,25.129425048828125
6.09516504379204,0.30273567879990604,25.129425048828125,25.129425048828125
5.8460858720141795,0.827537456064794,24.178985595703125,25.129547119140625
5.666664750197461,1.393435355474146,23.228424072265625,25.129547119140625
5.351797515073968,1.9420468371094266,22.275177001953125,25.129547119140625
5.088553224860914,2.4921423224227857,21.324615478515625,25.129547119140625
4.842460292718095,3.1166827467183675,20.374176025390625,25.129425048828125
4.574505957095121,3.6519825391450498,19.420928955078125,25.129425048828125
4.356071670810466,4.214274993027339,18.470367431640625,25.129425048828125
4.039983743578585,4.863614968046291,17.519805908203125,25.129425048828125
3.7822109274782676,5.292102314499498,16.566436767578125,25.129425048828125
3.551104386707273,5.973829992600543,15.615997314453125,25.129425048828125
3.318776507439405,6.475560582198011,14.665435791015625,25.129547119140625
2.989217875009406,7.134599452339699,13.712188720703125,25.129547119140625
2.7465564477457303,7.67273402719058,12.761627197265625,25.129547119140625
2.556500927123708,8.307457711327082,11.811065673828125,25.129425048828125
2.3529142311581817,8.850436530808118,10.857696533203125,25.129425048828125
2.0355109435291525,9.464425740937848,9.907257080078125,25.129547119140625
1.7595237483734016,9.994437795808484,8.956695556640625,25.129547119140625
1.5043972612019376,10.568405898345134,8.003326416015625,25.129547119140625
1.2684935225842748,11.153679461761799,7.052886962890625,25.129547119140625
1.0440543928164323,11.775719454783284,6.102325439453125,25.129547119140625
0.7926297344558172,12.404035293264673,5.149078369140625,25.129425048828125
-0.09813056425349985,12.971813252365884,4.198516845703125,25.129425048828125
0.24403843418450089,13.582947387587257,3.248077392578125,25.129425048828125
0.030060156597299614,14.208739048970301,2.294708251953125,25.129425048828125
-0.31855115731086947,14.78671363490504,1.344268798828125,25.129425048828125
-0.4497737284426773,15.443296760104737,0.393707275390625,25.129425048828125
6.869790414912004,-2.5000357519363776,28.937042236328125,24.178985595703125
6.6776406512822915,-1.8709138339639233,27.983795166015625,24.178985595703125
6.332005344833982,-1.447073666194955,27.033355712890625,24.178985595703125
6.085665836952848,-0.8004189096281972,26.082794189453125,24.178985595703125
5.855147037235515,-0.3402054531984527,25.129425048828125,24.178985595703125
5.572454147383976,0.2814958846459569,24.178985595703125,24.178985595703125
5.385271369599276,0.8872338399869215,23.228546142578125,24.178985595703125
5.101050245138781,1.4279552278589394,22.275054931640625,24.178985595703125
4.844402665615866,1.9596920524808041,21.324615478515625,24.178985595703125
4.545252662245044,2.478980862844388,20.374176025390625,24.178985595703125
4.362776828227907,3.174194740118719,19.420928955078125,24.178985595703125
4.074956442653313,3.7000384533972293,18.470367431640625,24.178985595703125
3.7856241278616896,4.282960008581006,17.519805908203125,24.178985595703125
3.6001972318682616,4.799801508392238,16.566436767578125,24.178985595703125
3.318061061247279,5.391436586263743,15.615997314453125,24.178985595703125
3.06488460620894,5.979221760471572,14.665435791015625,24.178985595703125
2.788328395316064,6.6184327035035295,13.712188720703125,24.178985595703125
2.516120129633354,7.159028953051507,12.761627197265625,24.178985595703125
2.2902786610997015,7.6951560225671445,11.811065673828125,24.178985595703125
2.041846373913,8.308897975620281,10.857696533203125,24.178863525390625
1.808152572485448,8.793971455445343,9.907257080078125,24.178863525390625
1.526297693965793,9.433760732486714,8.956695556640625,24.178985595703125
1.2810471188759853,10.004200649530453,8.003326416015625,24.178985595703125
0.9542237004809521,10.611546650492548,7.052886962890625,24.178985595703125
0.7557220729749083,11.197951623586409,6.102325439453125,24.178985595703125
0.5495020333065592,11.846668851158954,5.149078369140625,24.178985595703125
0.2188274876084033,12.400763143136231,4.198516845703125,24.178985595703125
-0.015286703277621022,13.023352953027569,3.248077392578125,24.178985595703125
-0.2685556275928229,13.657838543531529,2.294708251953125,24.178985595703125
-0.5470091053493148,14.238515895798628,1.344268798828125,24.178985595703125
-0.7844584935587746,14.815659541818151,0.393829345703125,24.178985595703125
6.653067327845903,-3.0093105863640717,28.937042236328125,23.228546142578125
6.348113745503745,-2.5609323772642623,27.983917236328125,23.228546142578125
6.115544705709746,-1.8744654403849985,27.033355712890625,23.228546142578125
5.812513324702031,-1.3399048311530366,26.082794189453125,23.228546142578125
5.60257778644938,-0.8434560852689128,25.129547119140625,23.228546142578125
5.323268147102862,-0.2860890907808828,24.178985595703125,23.228546142578125
5.076361397173937,0.34632977899139933,23.228424072265625,23.228424072265625
4.303026847159963,0.8241128723221081,22.275177001953125,23.228424072265625
4.559221606115625,1.4403798160474681,21.324615478515625,23.228424072265625
4.33470035150394,1.9913014020040682,20.374176025390625,23.228424072265625
4.051275508047061,2.5302952219723127,19.420806884765625,23.228424072265625
3.7921209881068436,3.1071087523197636,18.470367431640625,23.228546142578125
3.6111332647334162,3.7326782174682,17.519805908203125,23.228424072265625
3.346847717358723,4.259415563771169,16.566436767578125,23.228424072265625
3.0296262699495657,4.824587052540715,15.615997314453125,23.228424072265625
2.8424491237583323,5.3408003047268355,14.665435791015625,23.228546142578125
2.511298026381896,6.0062698202149765,13.712188720703125,23.228424072265625
2.7922962505479245,6.5895682030848635,12.761627197265625,23.228546142578125
2.0753781398318933,7.145863853450658,11.811065673828125,23.228546142578125
1.822831009981106,7.72830696061305,10.857696533203125,23.228546142578125
1.538196467479567,8.26433795029415,9.907257080078125,23.228424072265625
1.2196103201600748,8.893102318018016,8.956695556640625,23.228424072265625
1.0009679782412448,9.509218670174446,8.003326416015625,23.228424072265625
0.7206356037042452,10.049101750316238,7.052886962890625,23.228424072265625
0.4932027365513951,10.727719732227126,6.102325439453125,23.228546142578125
0.2318406547577597,11.380093765883597,5.149078369140625,23.228546142578125
-0.021286836429982015,11.874054818024,4.198516845703125,23.228424072265625
-0.2538923564814675,12.432409726605071,3.248077392578125,23.228424072265625
-0.4989662654499035,13.055455291002419,2.294708251953125,23.228424072265625
-0.8191689819337674,13.616642390618019,1.344268798828125,23.228424072265625
-1.0123366224784633,14.342049408901287,0.393707275390625,23.228424072265625
6.356781624793004,-3.581362735672781,28.936920166015625,22.275177001953125
6.073522585615323,-3.062061362397988,27.983917236328125,22.275177001953125
5.880340401393723,-2.554157783943717,27.033355712890625,22.275177001953125
5.570237308739698,-1.9826146387010213,26.082916259765625,22.275177001953125
5.3570496942119865,-1.4285639744049101,25.129547119140625,22.275054931640625
5.134878740977256,-0.8473869324398265,24.178985595703125,22.275177001953125
4.851083417514866,-0.251088867803999,23.228546142578125,22.275177001953125
4.658894173937308,0.3345455473853798,22.275177001953125,22.275054931640625
4.298407017526045,0.8228257262145457,21.324615478515625,22.275177001953125
4.099719431991558,1.3881959626171754,20.374176025390625,22.275177001953125
3.846830084341654,1.9957427997972177,19.420806884765625,22.275177001953125
3.557936883537982,2.59862808738583,18.470367431640625,22.275177001953125
3.313245576029487,3.1546005478605967,17.519805908203125,22.275054931640625
3.133213756794127,3.716464260451225,16.566436767578125,22.275177001953125
2.845694166848565,4.263656086821944,15.615997314453125,22.275054931640625
2.541303513394611,4.758530778698914,14.665557861328125,22.275054931640625
2.788337565332786,5.400969448781729,13.712066650390625,22.275054931640625
2.0118403562509295,5.99847382770622,12.761627197265625,22.275177001953125
1.7735912529025362,6.579945452124656,11.811065673828125,22.275177001953125
1.5768712468106088,7.202682817308759,10.857696533203125,22.275054931640625
1.2283331779144233,7.747539684060706,9.907257080078125,22.275177001953125
1.0866275695609902,8.340567787590892,8.956817626953125,22.275177001953125
0.6998558018173333,8.864715175276741,8.003326416015625,22.275177001953125
0.4767255580169405,9.51913666253035,7.052886962890625,22.275177001953125
0.2628564068158477,10.057646089905168,6.102325439453125,22.275054931640625
-0.019574425118073835,10.692436872543755,5.148956298828125,22.275177001953125
-0.2490671747229432,11.265145819353869,4.198516845703125,22.275177001953125
-0.4960885418566027,11.883908012205403,3.248077392578125,22.275054931640625
-0.7986368877472962,12.427730998455235,2.294708251953125,22.275054931640625
-1.0961156785945358,13.122551709162105,1.344268798828125,22.275177001953125
-1.3050037767490386,13.732891220095956,0.393707275390625,22.275177001953125
6.1312026704823746,-4.189544075960118,28.936920166015625,21.324615478515625
5.850190658175978,-3.568577439755229,27.983917236328125,21.324615478515625
5.585885110618363,-3.104194029578016,27.033355712890625,21.324737548828125
5.314351186212266,-2.531018510073654,26.082794189453125,21.324615478515625
5.108602910690643,-1.9422248177202603,25.129425048828125,21.324615478515625
4.760829544093903,-1.3694443743186482,24.178985595703125,21.324615478515625
4.619770059612391,-0.8266842013542302,23.228546142578125,21.324615478515625
4.3986037407001675,-0.24828182995676482,22.275177001953125,21.324615478515625
4.076444700499954,0.2873908894872132,21.324615478515625,21.324615478515625
3.8745581186490785,0.8976935069385239,20.374053955078125,21.324615478515625
3.612285536102279,1.438464331910051,19.420806884765625,21.324615478515625
3.3372939483542328,2.0201838207686404,18.470367431640625,21.324615478515625
3.628581387837962,2.6100383955080164,17.519805908203125,21.324615478515625
2.8557077262425876,3.18758949602572,16.566436767578125,21.324615478515625
2.5755154727599145,3.7243023647746414,15.615997314453125,21.324615478515625
2.3469760464731464,4.324974146937072,14.665435791015625,21.324615478515625
1.987879525770042,4.86487398530798,13.712066650390625,21.324615478515625
1.7916334455693699,5.510808748461525,12.761627197265625,21.324615478515625
1.578835578255761,6.033705270675318,11.811065673828125,21.324615478515625
1.3593631430256043,6.662655260900968,10.857696533203125,21.324615478515625
1.0606596190947926,7.160100067378891,9.907257080078125,21.324615478515625
0.7597633040719511,7.741784450998495,8.956695556640625,21.324615478515625
0.5186310578936655,8.336832101059874,8.003326416015625,21.324615478515625
0.2197297786506285,8.90456038162592,7.052886962890625,21.324615478515625
-0.04358843966061398,9.563331010166046,6.102325439453125,21.324615478515625
-0.21411659221462484,10.138870410682799,5.148956298828125,21.324615478515625
-0.5574317120542536,10.670448817403273,4.198516845703125,21.324615478515625
-0.7543902257114503,11.344457532530072,3.248077392578125,21.324615478515625
-1.02358210906252,12.034119172448753,2.294708251953125,21.324615478515625
-1.3329605746027149,12.48285491001626,1.344268798828125,21.324615478515625
-1.5945950060834735,13.186532311603104,0.393707275390625,21.324615478515625
5.861217332189932,-4.748309112536796,28.936920166015625,20.374176025390625
5.660131010380019,-4.1957918843624045,27.983917236328125,20.374176025390625
5.341310752001489,-3.6295351056897194,27.033355712890625,20.374176025390625
5.106536646362006,-3.1781011549067455,26.082916259765625,20.374176025390625
5.390862899271589,-2.451809586136468,25.129425048828125,20.374176025390625
4.561858039774072,-1.9229041542836065,24.178985595703125,20.374176025390625
4.365722008373068,-1.3574535108053887,23.228546142578125,20.374176025390625
4.121403339978341,-0.6476134415121133,22.275177001953125,20.374176025390625
3.8219603722795314,-0.25928319541715755,21.324615478515625,20.374053955078125
3.5736055699012463,0.28435869266766683,20.374176025390625,20.374176025390625
3.3412531047534872,1.0028877316533127,19.420806884765625,20.374176025390625
3.0012953676296985,1.436258051415266,18.470367431640625,20.374176025390625
2.8784953788948595,2.0202875745645468,17.519805908203125,20.374176025390625
2.5934828212027017,2.538056194443182,16.566436767578125,20.374176025390625
2.3360080744878617,3.169964330132802,15.615997314453125,20.374176025390625
2.0443924391073973,3.714655988076997,14.665435791015625,20.374176025390625
1.8231210664255342,4.35757173347369,13.712066650390625,20.374176025390625
1.576147763445379,4.9704957030413786,12.761505126953125,20.374176025390625
1.248210869123361,5.457731631988978,11.811065673828125,20.374053955078125
1.0514538304169645,6.088984319713603,10.857696533203125,20.374053955078125
0.8021012902039101,6.5922111787568465,9.907257080078125,20.374053955078125
0.4791669137722001,7.1928219865887115,8.956817626953125,20.374053955078125
0.24699550675606693,7.780000000705516,8.003326416015625,20.374176025390625
-0.020671245844613245,8.323203969316816,7.052886962890625,20.374176025390625
-0.2058187715582445,9.062105826854788,6.102325439453125,20.374053955078125
-0.5297857947144172,9.606591167845004,5.148956298828125,20.374176025390625
-0.8072758619365511,10.168002164338661,4.198516845703125,20.374176025390625
-1.033501141117897,10.732978676455614,3.248077392578125,20.374176025390625
-1.2218951224299615,11.419574699570587,2.294708251953125,20.374176025390625
-1.6397741333869034,11.95294360633676,1.344268798828125,20.374176025390625
-1.8166130623782584,12.57621327893854,0.393707275390625,20.374176025390625
5.617389912385189,-5.353841066490928,28.936920166015625,19.420806884765625
5.393005314874113,-4.783837573548799,27.983917236328125,19.420806884765625
5.104867665471068,-4.208839496565916,27.033355712890625,19.420806884765625
5.373031397761611,-3.551415469369948,26.082794189453125,19.420806884765625
4.618188495879939,-3.102448461224351,25.129547119140625,19.420806884765625
4.353332217390372,-2.4698922472223086,24.178985595703125,19.420806884765625
4.141419824701901,-1.9986419010511909,23.228546142578125,19.420806884765625
3.8684605192428037,-1.391103900378071,22.275177001953125,19.420806884765625
3.597271716872976,-0.3005914806187499,21.324615478515625,19.420806884765625
3.3283617896624302,-0.23089232054829445,20.374176025390625,19.420806884765625
3.0092960844405963,0.3331224884906589,19.420806884765625,19.420806884765625
2.9047482720184004,0.9122196503537382,18.470367431640625,19.420806884765625
2.550721552327497,1.4741473839724615,17.519805908203125,19.420806884765625
2.351040963524993,2.055141743409042,16.566436767578125,19.420806884765625
2.0938039687383725,2.536431857837424,15.615997314453125,19.420806884765625
1.793560907780707,3.1075896878697193,14.665435791015625,19.420806884765625
1.530283959913448,3.772520742879052,13.712066650390625,19.420806884765625
1.3825230968968005,4.377868153739931,12.761627197265625,19.420806884765625
1.0378575396282739,4.864801585980712,11.811065673828125,19.420684814453125
0.8324536972006832,5.578143869510402,10.857696533203125,19.420806884765625
0.5352168306028914,6.014171342060319,9.907257080078125,19.420684814453125
0.2838306031837658,6.5980655766218685,8.956817626953125,19.420684814453125
-0.06501186871411076,7.194085073862817,8.003448486328125,19.420684814453125
-0.3159743457050865,7.829073509829115,7.052886962890625,19.420684814453125
-0.5466640953419133,8.369394233244329,6.102325439453125,19.420684814453125
-0.7274140178096864,9.060148482955727,5.149078369140625,19.420806884765625
-1.0208711609473935,9.573364628686772,4.198516845703125,19.420806884765625
-1.198946615130987,10.242239151108183,3.248077392578125,19.420806884765625
-1.5560088128015175,10.792131316331599,2.294708251953125,19.420806884765625
-1.818288480366539,11.403078858776365,1.344146728515625,19.420684814453125
-2.0625205137046985,11.983249872834394,0.393707275390625,19.420684814453125
5.30229012729863,-5.850102366488619,28.936920166015625,18.470245361328125
5.106848818788556,-5.272209088815745,27.983917236328125,18.470367431640625
4.815666478942532,-4.828236727498265,27.033355712890625,18.470367431640625
4.6591339652049095,-4.1639043729154155,26.082794189453125,18.470367431640625
4.316493563307142,-3.6771329444734504,25.129547119140625,18.470367431640625
4.126460905648727,-3.120327921343849,24.178985595703125,18.470367431640625
3.8314686531608757,-2.5114969397081874,23.228546142578125,18.470367431640625
3.6368599713119947,-1.957366218379458,22.275177001953125,18.470367431640625
3.3250794641130494,-1.396890467007025,21.324615478515625,18.470367431640625
3.085753574249688,-0.7997289806221832,20.374176025390625,18.470245361328125
2.789677604636393,-0.29089234461457664,19.420806884765625,18.470245361328125
2.543326644790723,0.3235622958396234,18.470245361328125,18.470245361328125
2.3719012046886294,0.9057745498388683,17.519805908203125,18.470245361328125
2.107943480721253,1.4394567568324936,16.566436767578125,18.470367431640625
1.8317342515248378,2.0012027008491207,15.615997314453125,18.470367431640625
1.5885269485418605,2.5931488673020655,14.665435791015625,18.470367431640625
1.2715376322118794,3.2159551907377537,13.712188720703125,18.470245361328125
1.07995896746655,3.775232021129248,12.761627197265625,18.470245361328125
0.8296138708993109,4.425885703672529,11.811065673828125,18.470245361328125
0.5646829650558273,4.972396271738398,10.857696533203125,18.470245361328125
0.2668061068002643,5.423563901505961,9.907257080078125,18.470245361328125
0.024403270917052966,6.0897948574118566,8.956695556640625,18.470245361328125
-0.2723872987318259,6.617039640036652,8.003326416015625,18.470245361328125
-0.5425560212703061,7.260415861677512,7.052886962890625,18.470245361328125
-0.7120889077842019,7.860618261655239,6.102325439453125,18.470245361328125
-1.0104879297983533,8.50311465504037,5.148956298828125,18.470245361328125
-1.3283836333484595,9.070658294025224,4.198516845703125,18.470245361328125
-1.5334539567204475,9.57026427087252,3.248077392578125,18.470245361328125
-1.807207645158026,10.247060215868022,2.294708251953125,18.470245361328125
-2.0641435599013405,10.836157034739285,1.344146728515625,18.470245361328125
-2.281662269416692,11.49142967477443,0.393707275390625,18.470245361328125
5.126637504381136,-6.448547193256101,28.936920166015625,17.519805908203125
4.835466389425175,-5.9470890079482785,27.983795166015625,17.519805908203125
4.540971293528774,-5.362664047647903,27.033355712890625,17.519805908203125
4.3160946168932135,-4.875221078404934,26.082794189453125,17.519805908203125
4.104926942963494,-4.264801404088321,25.129547119140625,17.519805908203125
3.886593413126514,-3.659904855750847,24.178985595703125,17.519805908203125
3.5812524729052573,-3.1313435045937426,23.228546142578125,17.519805908203125
3.3789857926778195,-2.505981945558442,22.275177001953125,17.519805908203125
3.0628795460990217,-2.0375197906307836,21.324615478515625,17.519805908203125
2.8007865445370115,-1.3259021916740035,20.374176025390625,17.519805908203125
2.5902045176202253,-0.8377515480080995,19.420806884765625,17.519805908203125
2.2614687624006153,-0.24783784380211518,18.470367431640625,17.519805908203125
2.069245816609819,0.37951472375704315,17.519805908203125,17.519805908203125
1.8681446805389363,0.9427282525032182,16.566436767578125,17.519805908203125
1.5884334805224667,1.4072344218593413,15.615997314453125,17.519805908203125
1.3099268649509321,2.02856260638122,14.665435791015625,17.519805908203125
1.0524337786980298,2.5391798871639497,13.712066650390625,17.519805908203125
0.7701026799084256,3.2192904431477443,12.761627197265625,17.519805908203125
0.5077449991194188,3.81335235557608,11.811065673828125,17.519805908203125
0.3372014850179357,4.348839034457436,10.857818603515625,17.519805908203125
0.011261277026177855,4.920134400516495,9.907257080078125,17.519805908203125
-0.21215161954129733,5.47223624958081,8.956695556640625,17.519683837890625
-0.535000454191549,6.169203435878461,8.003448486328125,17.519683837890625
-0.7214056865091619,6.7400892618045525,7.052886962890625,17.519805908203125
-1.0497999197086736,7.375302897691208,6.102447509765625,17.519805908203125
-1.2362745648646887,7.882865457110811,5.149078369140625,17.519805908203125
-1.5271051244570601,8.432999500461547,4.198516845703125,17.519805908203125
-1.8334837880517982,9.139922928210902,3.248077392578125,17.519683837890625
-2.086421653019464,9.681045668557294,2.294708251953125,17.519683837890625
-2.3543210790855027,10.281031861546035,1.344146728515625,17.519683837890625
-2.5500115967485484,10.949697282385399,0.393707275390625,17.519683837890625
4.8055458231980515,-6.940386452864659,28.936920166015625,16.566436767578125
4.545763107527247,-6.460066480064277,27.983795166015625,16.566436767578125
4.375140011074717,-5.877893614337168,27.033355712890625,16.566436767578125
4.086171785638641,-5.386079269597783,26.082794189453125,16.566436767578125
3.8384210769023497,-4.844940225649574,25.129547119140625,16.566436767578125
3.5914347530791604,-4.146041476426749,24.178985595703125,16.566436767578125
3.2741222418428255,-3.6885458119348513,23.228546142578125,16.566436767578125
3.0643225593150434,-3.060978758140101,22.275177001953125,16.566436767578125
2.8525048376536635,-2.575203293513232,21.324615478515625,16.566436767578125
2.5946677798107656,-2.087735031887398,20.374176025390625,16.566436767578125
2.347445876184278,-1.4917486554428334,19.420806884765625,16.566436767578125
2.068925843828669,-0.3272640553925669,18.470367431640625,16.566436767578125
1.856653960878905,-0.2554148623420264,17.519805908203125,16.566436767578125
1.5760334812300127,0.3303796932144322,16.566436767578125,16.566436767578125
1.3651430323984528,0.8355881572014984,15.615997314453125,16.566436767578125
1.053743389478726,1.4043216366684292,14.665435791015625,16.566436767578125
0.7879815773700908,2.0029007352391663,13.712066650390625,16.566436767578125
0.49698359288673416,2.5454255152193777,12.761627197265625,16.566436767578125
0.26795214837972703,3.2488144757995543,11.811065673828125,16.566436767578125
0.06894403179533523,3.75572862433112,10.857696533203125,16.566436767578125
-0.25171030302021385,4.301140680329158,9.907257080078125,16.566314697265625
-0.5145736873076742,4.927219987372864,8.956695556640625,16.566314697265625
-0.7742376295808239,5.507360133130281,8.003326416015625,16.566436767578125
-1.0403783964807056,6.1457501844136715,7.052886962890625,16.566436767578125
-1.2067661639919358,6.738729617102013,6.102325439453125,16.566314697265625
-1.5953300086387734,7.301707525587556,5.149078369140625,16.566314697265625
-1.792366355618421,7.906540793573516,4.198516845703125,16.566436767578125
-2.0905587732360007,8.485263783213878,3.248077392578125,16.566314697265625
-2.328420063393853,9.117074368454276,2.294586181640625,16.566436767578125
-2.6188194776753195,9.668349653992204,1.344146728515625,16.566314697265625
-2.865429174603988,10.398686178722768,0.393585205078125,16.566436767578125
4.562255824023953,-7.656699652565558,28.936920166015625,15.615875244140625
4.326435103096114,-7.093286305432915,27.983917236328125,15.615997314453125
4.054103553462135,-6.512013811545217,27.033355712890625,15.615997314453125
3.807623619518829,-5.921574535746276,26.082794189453125,15.615997314453125
3.571794614526416,-5.4188001486559045,25.129547119140625,15.615997314453125
3.3197811143635843,-4.789987082773162,24.178985595703125,15.615997314453125
3.128308537551142,-4.306539332360898,23.228546142578125,15.615997314453125
2.8165130230191298,-3.7096138352371444,22.275177001953125,15.615997314453125
2.613062451018568,-3.1528684640432023,21.324615478515625,15.615997314453125
2.334361160251172,-2.577909350704397,20.374176025390625,15.615997314453125
2.107015247864658,-2.0109417440313724,19.420806884765625,15.615997314453125
1.869063652970828,-1.4282501487897081,18.470367431640625,15.615997314453125
1.5286585809898996,-0.855686223152698,17.519805908203125,15.615875244140625
1.2994176768145005,-0.27460009792819773,16.566436767578125,15.615997314453125
1.030785980276072,0.27499025995914184,15.615997314453125,15.615875244140625
0.7888666801614516,0.8309044388788517,14.665435791015625,15.615875244140625
0.5704876543409214,1.42080349636542,13.712066650390625,15.615997314453125
0.221790921904493,1.9712367061258795,12.761627197265625,15.615997314453125
0.06694214287648052,2.5457079085053853,11.811065673828125,15.615997314453125
-0.22605133105610584,3.159525740120728,10.857818603515625,15.615997314453125
-0.5072310121829875,3.782465633791432,9.907257080078125,15.615997314453125
-0.7070602054409423,4.343189841519854,8.956817626953125,15.615997314453125
-1.015049853582377,4.940703310278272,8.003448486328125,15.615875244140625
-1.2254726006837002,5.561449691972689,7.052886962890625,15.615875244140625
-1.548951755476856,6.102769517753449,6.102325439453125,15.615875244140625
-1.812545169962324,6.670806393515909,5.148956298828125,15.615875244140625
-2.0706953172209475,7.378158607833587,4.198516845703125,15.615875244140625
-2.323630063126046,7.916378157262503,3.247955322265625,15.615875244140625
-2.6296787098921155,8.50947445411367,2.294708251953125,15.615875244140625
-2.8705913757503168,9.191988142035784,1.344146728515625,15.615875244140625
-3.126628884880255,9.809400956000854,0.393707275390625,15.615875244140625
4.313495377560137,-8.270347326227935,28.936920166015625,14.665435791015625
4.158916983300871,-7.717927879608192,27.983917236328125,14.665435791015625
3.8215569604373574,-7.161257161619958,27.033355712890625,14.665435791015625
3.615945609465413,-6.633775602428898,26.082794189453125,14.665435791015625
3.3350758755489154,-6.036454800175779,25.129547119140625,14.665435791015625
3.0623613703556547,-5.523412686825974,24.178985595703125,14.665435791015625
2.831062008800735,-4.911927411745631,23.228546142578125,14.665557861328125
2.6338254163944397,-4.422859603896435,22.275177001953125,14.665435791015625
2.38483675933869,-3.7544263288226163,21.324615478515625,14.665435791015625
2.0554107083071056,-3.2245908717347125,20.374176025390625,14.665435791015625
1.801190513985424,-2.6919386411648705,19.420806884765625,14.665435791015625
1.5370537393817054,-2.094472352646644,18.470367431640625,14.665435791015625
1.356652442190602,-1.4922348095439268,17.519805908203125,14.665435791015625
1.0767474599660127,-0.9344851505919256,16.566436767578125,14.665435791015625
0.8307656803843319,-0.3240173412199792,15.615997314453125,14.665435791015625
0.5649738676532178,0.18458557683717408,14.665435791015625,14.665557861328125
0.24361309437083234,0.8516513143513804,13.712066650390625,14.665435791015625
1.584912588588938e-05,1.3834929868407713,12.761627197265625,14.665557861328125
-0.24431550928646775,2.0067458913560703,11.811187744140625,14.665435791015625
0.05914900761743313,2.529609373630698,10.857696533203125,14.665557861328125
-0.7121391964975661,3.069881825501082,9.907257080078125,14.665557861328125
-1.00201632728776,3.6339876541742573,8.956695556640625,14.665557861328125
-1.2278053304838563,4.301357714764258,8.003326416015625,14.665435791015625
-1.5978182059152617,4.847089004882992,7.052886962890625,14.665435791015625
-1.7914934027889222,5.508724538514131,6.102447509765625,14.665313720703125
-2.0352125125394447,6.142446293590689,5.148956298828125,14.665435791015625
-2.3344409865994455,6.719787881515663,4.198516845703125,14.665313720703125
-2.6144639475384537,7.333860382395608,3.247955322265625,14.665313720703125
-2.8195485248001955,8.051517739421568,2.294708251953125,14.665435791015625
-3.111936335533126,8.57897255050869,1.344146728515625,14.665435791015625
-3.3462468853447755,9.175536524386219,0.393707275390625,14.665435791015625
4.06375072966056,-9.000808213781433,28.936920166015625,13.712066650390625
3.818754298262497,-8.37852600977339,27.983917236328125,13.712066650390625
3.5680366920509923,-7.900927039651733,27.033355712890625,13.712066650390625
3.290061212302474,-7.306434436729197,26.082794189453125,13.712066650390625
3.0847789252310887,-6.7999043993324815,25.129547119140625,13.712066650390625
2.798194543352104,-6.180347731685952,24.178985595703125,13.712066650390625
2.569100780572484,-5.5758299512424445,23.228546142578125,13.712066650390625
2.3528787730498033,-5.111282282708867,22.275177001953125,13.712066650390625
2.0751541090784333,-4.536887484709488,21.324615478515625,13.712066650390625
1.8375386404987146,-3.977418854470116,20.374176025390625,13.712066650390625
1.5216608356010572,-3.382137764441355,19.420806884765625,13.712066650390625
1.3118478904537307,-2.83563851823243,18.470367431640625,13.712188720703125
1.0350251040844607,-2.2080695706630173,17.519927978515625,13.712066650390625
0.8312300720396423,-1.7010613594516846,16.566436767578125,13.712188720703125
0.5637688100616286,-1.0881445271941086,15.615997314453125,13.712066650390625
0.26415136329986705,-0.5228058916671139,14.665435791015625,13.712066650390625
0.031155488609037787,0.17986810723073388,13.712066650390625,13.712066650390625
-0.21570394152429093,0.6858839219539058,12.761627197265625,13.712188720703125
-0.40410676303936444,1.2740324627837933,11.811065673828125,13.712188720703125
-0.7231760597693687,1.8735476570373402,10.857696533203125,13.712188720703125
-0.9751152205616652,2.407034614317992,9.907257080078125,13.712188720703125
-1.1656977807099984,2.9752442397576555,8.956695556640625,13.712066650390625
-1.4934889446730581,3.622966638122507,8.003326416015625,13.712188720703125
-1.7940400113085053,4.229995862293915,7.052886962890625,13.712066650390625
-2.0606921393124584,4.7623444259565275,6.102447509765625,13.712066650390625
-2.2430371192997587,5.517093882604623,5.148956298828125,13.712188720703125
-2.5765784650083834,6.135166780685747,4.198516845703125,13.712066650390625
-2.8437838113376617,6.778139674119316,3.247955322265625,13.712188720703125
-3.0677773140434894,7.44769799526125,2.294708251953125,13.712066650390625
-3.3944745684398625,8.009577819276602,1.344146728515625,13.712066650390625
-3.603791503687593,8.653210345148254,0.393707275390625,13.712066650390625
3.836055735544677,-9.757669017098847,28.936920166015625,12.761505126953125
3.5315832035979984,-9.11241699182778,27.983917236328125,12.761505126953125
3.301515491087224,-8.587648498376323,27.033355712890625,12.761505126953125
3.0639773022079195,-7.961109160335398,26.082916259765625,12.761627197265625
2.8003941819124885,-7.462935522424399,25.129547119140625,12.761627197265625
2.5547816976137847,-6.81408291040116,24.179107666015625,12.761627197265625
2.253598268489844,-6.225328864410333,23.228546142578125,12.761627197265625
2.020622084004531,-5.725341726619814,22.275177001953125,12.761627197265625
1.7471909297871924,-5.207788914984327,21.324615478515625,12.761627197265625
1.5613137771071843,-4.638951852296004,20.374053955078125,12.761627197265625
1.3355878180308995,-4.075359916054871,19.420806884765625,12.761627197265625
1.06330999514422,-3.4517248904680415,18.470367431640625,12.761627197265625
0.8296760058070664,-2.965004589401124,17.519805908203125,12.761627197265625
0.5923051735933302,-2.3710005014782825,16.566436767578125,12.761627197265625
0.2847357172446554,-1.8333723511942688,15.615997314453125,12.761627197265625
0.04668316771487057,-1.2573891892463982,14.665435791015625,12.761627197265625
-0.1850358549568005,-0.5648258787570378,13.712066650390625,12.761627197265625
-0.47960922668932965,-0.012088807121340793,12.761627197265625,12.761505126953125
-0.7710723805528347,0.517489024588164,11.811065673828125,12.761627197265625
-0.9624270869149482,1.110484517559357,10.857696533203125,12.761627197265625
-1.1938862480336798,1.7129706492858567,9.907257080078125,12.761627197265625
-1.4685304421943792,2.2915314941903175,8.956695556640625,12.761627197265625
-1.6963866538343455,2.87541440194669,8.003326416015625,12.761627197265625
-2.016281073108456,3.387752248174493,7.052886962890625,12.761627197265625
-2.222142176351474,4.07958216203663,6.102447509765625,12.761627197265625
-2.510754443889329,4.700448393394907,5.148956298828125,12.761505126953125
-2.8418999684737773,5.433736712539391,4.198516845703125,12.761505126953125
-3.0083420115358463,6.134421982218044,3.247955322265625,12.761505126953125
-3.3668771792014245,6.887757226619101,2.294708251953125,12.761627197265625
-3.6366257604996446,7.424615943788289,1.344146728515625,12.761505126953125
-3.872672292130386,8.053570043466985,0.393707275390625,12.761505126953125
3.4496285628089565,-10.210434230910835,28.936920166015625,11.811065673828125
3.289928064883728,-9.734112704793663,27.983917236328125,11.811065673828125
3.0128255817199445,-9.18997674751414,27.033355712890625,11.811065673828125
2.7977913342203355,-8.52313935762068,26.082794189453125,11.811065673828125
2.5722113410484635,-8.05391047379882,25.129547119140625,11.811065673828125
2.29899079520054,-7.467635341718809,24.178985595703125,11.811065673828125
2.079115017206453,-6.87364790667455,23.228546142578125,11.811187744140625
1.8144310135502932,-6.3661420467837955,22.275177001953125,11.811065673828125
1.5569925105467037,-5.759941820015133,21.324615478515625,11.811187744140625
0.7813135094006195,-5.193087162213226,20.374053955078125,11.811187744140625
1.054554786112045,-4.641340826094858,19.420806884765625,11.811065673828125
0.7468039505236714,-4.091470772922559,18.470367431640625,11.811187744140625
0.5564893716359879,-3.519446776713906,17.519927978515625,11.811187744140625
0.2892415677782182,-2.964930093928548,16.566436767578125,11.811065673828125
0.0833105551479712,-2.4197057225349696,15.615997314453125,11.811065673828125
-0.19281975356253317,-1.8009315198335991,14.665435791015625,11.811065673828125
-0.3994216439527063,-1.1864351837224736,13.712066650390625,11.811065673828125
-0.7357971772997057,-0.6400917451510151,12.761627197265625,11.811065673828125
-1.0530725570125823,0.03303096584911933,11.811065673828125,11.811065673828125
-1.19214174129543,0.5434622500579267,10.857696533203125,11.811065673828125
-1.53521105186774,1.0844417103956117,9.907257080078125,11.811065673828125
-1.7614054635530663,1.6816038125702202,8.956817626953125,11.811187744140625
-2.0148032822603903,2.3130498606369874,8.003448486328125,11.811065673828125
-2.3035664285549733,2.902382218118522,7.052886962890625,11.811187744140625
-2.5011187262320678,3.4837512029380564,6.102447509765625,11.811065673828125
-2.7763621778966168,4.160716626366485,5.149078369140625,11.811065673828125
-3.1143042012564552,4.701631854619869,4.198516845703125,11.810943603515625
-3.3330405641422134,5.453805110936761,3.247955322265625,11.811065673828125
-3.6358008562871387,6.1338743623067105,2.294708251953125,11.811065673828125
-3.8606543959210176,6.934642593752485,1.344146728515625,11.811065673828125
-4.130566322845436,7.467766053527902,0.393707275390625,11.811065673828125
3.236319594748059,-10.764873527947431,28.936920166015625,10.857696533203125
2.9597800457614087,-10.267766373815938,27.983917236328125,10.857696533203125
2.7623635749765554,-9.726760645704166,27.033355712890625,10.857696533203125
2.537614736969835,-9.186351129596272,26.082794189453125,10.857696533203125
2.2176433369346054,-8.582057614231802,25.129547119140625,10.857696533203125
2.0662339292340337,-8.007145209917267,24.178985595703125,10.857696533203125
1.7210682054082087,-7.417285810183603,23.228546142578125,10.857696533203125
1.5228329581356654,-6.864807860759329,22.275177001953125,10.857818603515625
1.2598184519277082,-6.415405639600126,21.324737548828125,10.857696533203125
0.9972580182629684,-5.76655743743919,20.374053955078125,10.857818603515625
0.7790894045983362,-5.27079407646787,19.420806884765625,10.857696533203125
0.4720190709080543,-4.632481091418815,18.470367431640625,10.857696533203125
0.3130566983283423,-4.054925847996521,17.519805908203125,10.857696533203125
0.05130467460974431,-3.5507539937607864,16.566558837890625,10.857696533203125
-0.23046523451617293,-2.9813872943107644,15.615997314453125,10.857696533203125
-0.5093547940788702,-2.4443235159906753,14.665435791015625,10.857696533203125
-0.7626449490133269,-1.811747300097025,13.712066650390625,10.857696533203125
-0.9430468821740746,-1.155581662510527,12.761627197265625,10.857696533203125
-1.3004669871896053,-0.5803932123348867,11.811065673828125,10.857696533203125
-1.4494337003755222,-0.011950925248058348,10.857696533203125,10.857818603515625
-1.7110465440553086,0.5580282240084236,9.907257080078125,10.857696533203125
-1.985950797164407,1.1620208702513375,8.956817626953125,10.857696533203125
-2.772476023662957,1.728051987001144,8.003448486328125,10.857818603515625
-2.518606491034795,2.3537831154591164,7.052886962890625,10.857696533203125
-2.718456103785328,2.884985003783207,6.102447509765625,10.857696533203125
-3.0417367421672865,3.5089980871714954,5.148956298828125,10.857818603515625
-3.344657156203294,4.016024905974,4.198516845703125,10.857818603515625
-3.604906612289802,4.759265421514633,3.247955322265625,10.857696533203125
-3.8913415504130993,5.534667605849237,2.294708251953125,10.857818603515625
-4.178938994548937,6.160540052782458,1.344146728515625,10.857696533203125
-4.440298418018375,6.901239338374906,0.393707275390625,10.857696533203125
2.957899628244225,-11.384128456977717,28.936920166015625,9.907257080078125
2.753314066915429,-10.827860776497472,27.983917236328125,9.907257080078125
2.44629663794726,-10.34922614302826,27.033355712890625,9.907257080078125
2.261590489826604,-9.708006168834517,26.082916259765625,9.907257080078125
1.9839638290716137,-9.133907076580458,25.129547119140625,9.907257080078125
1.7765637811481185,-8.651204574035626,24.178985595703125,9.907257080078125
1.5206884292371208,-8.031766221421876,23.228546142578125,9.907257080078125
1.2564542631953959,-7.507288403372524,22.275177001953125,9.907257080078125
1.0170031292198376,-6.9325380203612035,21.324737548828125,9.907257080078125
0.7668917840262908,-6.346962163827687,20.374053955078125,9.907257080078125
0.5328053720996236,-5.759211051411724,19.420806884765625,9.907257080078125
0.22695840506732923,-5.196898968688385,18.470367431640625,9.907257080078125
0.03056435427270797,-4.604623379854927,17.519927978515625,9.907257080078125
-0.21274536088472054,-4.069772592850534,16.566558837890625,9.907257080078125
-0.5060789709365957,-3.520616707120897,15.615997314453125,9.907257080078125
-0.6883223734087952,-2.9921154029638433,14.665435791015625,9.907257080078125
-0.9871198701032443,-2.3107457450316793,13.712066650390625,9.907257080078125
-0.7569087581097772,-1.821202883259123,12.761627197265625,9.907257080078125
-1.492692698927393,-1.2366868658221228,11.811065673828125,9.907257080078125
-1.7879956152093208,-0.6062460965493857,10.857818603515625,9.907257080078125
-2.053743755302007,0.02026759907041281,9.907257080078125,9.907257080078125
-2.2727868526619734,0.48924170485784996,8.956695556640625,9.907257080078125
-2.5672530494810024,1.1193409308515863,8.003448486328125,9.907257080078125
-2.797504482836255,1.7340797902596146,7.052886962890625,9.907257080078125
-3.0726609318843288,2.3584984081378315,6.102447509765625,9.907257080078125
-3.316429929698279,2.895989492386934,5.149078369140625,9.907257080078125
-3.5734004928006757,3.4642965770779615,4.198516845703125,9.907257080078125
-3.878999830261417,4.129184477425631,3.248077392578125,9.907257080078125
-4.115304953346243,4.864375238242975,2.294708251953125,9.907257080078125
-4.43312034552647,5.600875772349576,1.344146728515625,9.907257080078125
-4.698256127386734,6.254425208898531,0.393707275390625,9.907257080078125
2.7204847144956457,-11.978258042931305,28.936920166015625,8.956695556640625
2.474013989683549,-11.364509884297085,27.983917236328125,8.956695556640625
2.1997113366963568,-10.863978867310808,27.033355712890625,8.956695556640625
1.9365667446157333,-10.327078841738984,26.082794189453125,8.956695556640625
1.731413830246427,-9.637218419518236,25.129547119140625,8.956695556640625
1.4258837365924217,-9.204510113018571,24.178985595703125,8.956817626953125
1.2995369352172008,-8.618706028988429,23.228546142578125,8.956695556640625
1.0191276924809485,-8.054785831823548,22.275177001953125,8.956817626953125
0.7434418457086683,-7.574665426226784,21.324737548828125,8.956817626953125
0.46341634899891465,-6.983303937700196,20.374053955078125,8.956817626953125
0.2508381233915818,-6.387903879866841,19.420806884765625,8.956695556640625
-0.025926419581564133,-5.819612690094629,18.470367431640625,8.956817626953125
-0.2603060224143776,-5.178932561414222,17.519927978515625,8.956695556640625
-0.49484430634338206,-4.6436171005181,16.566558837890625,8.956695556640625
-0.7430922414297981,-4.15781454504496,15.615997314453125,8.956695556640625
-1.026194305029258,-3.5695543261648552,14.665435791015625,8.956695556640625
-1.340945871317242,-2.9145236797015737,13.712188720703125,8.956817626953125
-1.5078980360931995,-2.429549701004907,12.761627197265625,8.956695556640625
-1.7426566480244086,-1.772491823881183,11.811065673828125,8.956695556640625
-2.006276583081847,-1.1870227439302945,10.857696533203125,8.956695556640625
-2.3501720522635816,-0.6208693191334508,9.907257080078125,8.956695556640625
-2.536435384478764,0.00027121303407541097,8.956817626953125,8.956695556640625
-2.7968425877122827,0.5776203338385353,8.003326416015625,8.956695556640625
-3.0648128903437684,1.1206589566456777,7.052886962890625,8.956695556640625
-3.2779664727709172,1.734872547375779,6.102325439453125,8.956695556640625
-3.573264748318708,2.3307407678015717,5.149078369140625,8.956817626953125
-3.807075624761843,2.8755272498027895,4.198516845703125,8.956817626953125
-4.082407577957834,3.5137115759256123,3.248077392578125,8.956817626953125
-4.405872690147907,4.209107343153414,2.294586181640625,8.956695556640625
-4.716840762903497,4.80616736209127,1.344146728515625,8.956817626953125
-4.922976554551306,5.627044158680833,0.393707275390625,8.956817626953125
2.5061286340741407,-12.549888951609102,28.936920166015625,8.003326416015625
2.7521698908395225,-12.02882822833174,27.983917236328125,8.003448486328125
1.9464064102675165,-10.93473837455923,27.033355712890625,8.003326416015625
1.682514398587461,-10.852598155716796,26.082794189453125,8.003326416015625
1.453100131468954,-10.27308615292023,25.129547119140625,8.003326416015625
1.277479112096623,-9.780300555627763,24.178985595703125,8.003448486328125
1.0231555288665473,-9.247820147973778,23.228546142578125,8.003448486328125
0.7132135235796304,-8.675365446668323,22.275177001953125,8.003326416015625
0.47115966093074546,-8.10401682304432,21.324737548828125,8.003448486328125
0.254067599832775,-7.583462288715207,20.374053955078125,8.003326416015625
-0.023318026024042437,-6.950060865777857,19.420806884765625,8.003448486328125
-0.29666086491559135,-6.453785550890916,18.470367431640625,8.003448486328125
-0.5007634541060392,-5.829836033651915,17.519927978515625,8.003326416015625
-0.7921374045960742,-5.258751342427317,16.566436767578125,8.003448486328125
-1.0042050438482404,-4.686878805563803,15.615875244140625,8.003326416015625
-1.2546814125255474,-4.1530151537646525,14.665435791015625,8.003448486328125
-1.5321339423522062,-3.50261199178515,13.712188720703125,8.003326416015625
-1.7669758674209275,-2.9995655986070475,12.761627197265625,8.003448486328125
-1.99017153584404,-2.413030590675095,11.811065673828125,8.003448486328125
-2.2734012377037653,-1.7644734621333027,10.857696533203125,8.003448486328125
-2.6020020405489492,-1.2040762314256133,9.907257080078125,8.003448486328125
-2.8217122652396123,-0.6207840620054811,8.956695556640625,8.003326416015625
-3.055912104637928,0.0021111593107219604,8.003448486328125,8.003448486328125
-3.3317002820388293,0.5593265409154492,7.052886962890625,8.003326416015625
-3.5722667899757954,1.1965006964213005,6.102325439453125,8.003448486328125
-3.81552698351161,1.7186614362568653,5.149078369140625,8.003448486328125
-4.156437669793383,2.3183592712442116,4.198516845703125,8.003448486328125
-4.347051782357018,2.8886312145101414,3.248077392578125,8.003448486328125
-4.66076924433387,3.5369867117405223,2.294708251953125,8.003448486328125
-4.926384671586498,4.1013482981164575,1.344146728515625,8.003448486328125
-5.212257487208999,4.917624312584774,0.393707275390625,8.003448486328125
2.1525183919016944,-13.167416244263793,28.936920166015625,7.052886962890625
1.9386052547819643,-12.60170029608144,27.983917236328125,7.052886962890625
1.7206577918719395,-12.037223768305871,27.033355712890625,7.052886962890625
1.4184824386484067,-11.43443153360991,26.082794189453125,7.052886962890625
1.2223762294309062,-10.877953465595773,25.129547119140625,7.052886962890625
0.9689237171940289,-10.412410788411215,24.178985595703125,7.052886962890625
0.6939528887925758,-9.810912187114328,23.228546142578125,7.052886962890625
0.5051612135487541,-9.241773568677008,22.275177001953125,7.052886962890625
0.17909185173328462,-9.161630830324377,21.324615478515625,7.052886962890625
-0.035755454670279095,-8.190873208284726,20.374053955078125,7.052886962890625
-0.25821240356910624,-7.601780522347121,19.420806884765625,7.052886962890625
-0.5333044515703154,-7.000126764357888,18.470367431640625,7.052886962890625
-0.6958944053093202,-6.452040438947407,17.519927978515625,7.052886962890625
-0.9833673552358906,-5.883405286792175,16.566558837890625,7.052886962890625
-1.3023364920534186,-5.322362341523858,15.615997314453125,7.052886962890625
-1.5256971737832572,-4.764561891009579,14.665435791015625,7.052886962890625
-1.8054577457519068,-4.182826202157002,13.712188720703125,7.052886962890625
-2.0683828931949786,-3.5543296519010075,12.761627197265625,7.052886962890625
-2.302339193502952,-3.0190743281869037,11.811187744140625,7.052886962890625
-2.543674984651951,-2.4381844780400175,10.857696533203125,7.052886962890625
-2.7981563367714406,-1.791880918654271,9.907257080078125,7.052886962890625
-3.1085823275850872,-1.2145021122160615,8.956695556640625,7.052886962890625
-3.3827364013815613,-0.6013814747209032,8.003448486328125,7.052886962890625
-3.6378323157320476,-0.034634126523119146,7.052886962890625,7.052886962890625
-3.868827763915711,0.5054816687434102,6.102447509765625,7.052886962890625
-4.138634186251125,1.1166350444388657,5.149078369140625,7.052886962890625
-4.398593211174215,1.6978387780998438,4.198516845703125,7.052886962890625
-4.648930597603844,2.3718461448695045,3.247955322265625,7.052886962890625
-4.938989673295638,2.9012430124182345,2.294708251953125,7.052886962890625
-5.170097428362916,3.5408123197301333,1.344268798828125,7.052886962890625
-5.478810609752221,4.180915141206953,0.393707275390625,7.052886962890625
1.89765076222772,-13.758620477632775,28.936920166015625,6.102447509765625
1.683844434914363,-13.20968934982844,27.983917236328125,6.102325439453125
1.4254042325783496,-12.650369799862377,27.033355712890625,6.102325439453125
1.2074636571959294,-12.181938901117434,26.082794189453125,6.102447509765625
0.9257812366003726,-11.569520085511325,25.129547119140625,6.102447509765625
0.7087721777267261,-10.988685355909743,24.178985595703125,6.102447509765625
0.43322514373228316,-10.335267170225857,23.228546142578125,6.102447509765625
0.24222785061691796,-9.797694720075409,22.275299072265625,6.102447509765625
-0.03266292077163375,-9.306955572892171,21.324615478515625,6.102325439453125
-0.2828975922240304,-8.799572076628843,20.374176025390625,6.102325439453125
-0.570892597191823,-8.19022564717075,19.420806884765625,6.102325439453125
-0.8017536124349388,-7.548496876318786,18.470367431640625,6.102325439453125
-1.0275281944228172,-6.967462910854651,17.519927978515625,6.102447509765625
-1.317601038302027,-6.495921141866669,16.566558837890625,6.102325439453125
-1.5435410272610286,-5.878359383153506,15.615875244140625,6.102447509765625
-1.7986762890873371,-5.337909315489558,14.665435791015625,6.102325439453125
-2.0018097371199115,-4.764922429039928,13.712188720703125,6.102447509765625
-2.323380190436653,-4.217831934680542,12.761627197265625,6.102447509765625
-2.5474789804080165,-3.594578701690443,11.811065673828125,6.102325439453125
-2.826441377219276,-2.9893039257337652,10.857696533203125,6.102447509765625
-3.057218180370057,-2.3858642524842137,9.907257080078125,6.102325439453125
-3.3030955257671053,-1.799486990116578,8.956817626953125,6.102447509765625
-3.586469652706242,-1.2432552674771824,8.003448486328125,6.102447509765625
-3.8966975242970547,-0.6488768614806998,7.052886962890625,6.102325439453125
-4.076016390139042,-0.046340410206653096,6.102447509765625,6.102325439453125
-4.360293067432208,0.5567936969575503,5.149078369140625,6.102447509765625
-4.712074837860635,1.1702587863852054,4.198516845703125,6.102447509765625
-4.929771883640507,1.7603996499386307,3.247955322265625,6.102325439453125
-5.22701860438041,2.3753564609575686,2.294708251953125,6.102447509765625
-5.407337143594248,2.987172975924258,1.344146728515625,6.102325439453125
-5.760857146032418,3.551759039996011,0.393707275390625,6.102447509765625
1.6518891583900384,-14.353595115152075,28.936920166015625,5.148956298828125
1.4425432465369665,-13.811595578751149,27.983917236328125,5.149078369140625
1.1925671338291575,-13.257472993248797,27.033355712890625,5.149078369140625
0.9455731911822347,-12.716156495796286,26.082794189453125,5.149078369140625
0.6819985242314227,-12.198291861754115,25.129547119140625,5.148956298828125
0.4507662601843446,-11.581041146668234,24.178985595703125,5.149078369140625
0.14792376290963968,-11.05351262472042,23.228546142578125,5.149078369140625
-3.2522426339922755e-05,-10.452392394091515,22.275177001953125,5.148956298828125
-0.2636831874987705,-9.880680274142314,21.324737548828125,5.148956298828125
-0.5426004883654468,-9.379834160821268,20.374053955078125,5.148956298828125
-0.8187299176495273,-8.754065718229457,19.420806884765625,5.149078369140625
-1.038644044998241,-8.290219202790134,18.470367431640625,5.148956298828125
-1.2740472665210414,-7.6315215633327,17.519927978515625,5.149078369140625
-1.5373882607365132,-7.01706149691072,16.566558837890625,5.149078369140625
-1.8034115787663034,-6.591099811524672,15.615875244140625,5.148956298828125
-2.068854386949388,-5.981883978158472,14.665313720703125,5.149078369140625
-2.3452579833382976,-5.3967769783279325,13.712188720703125,5.149078369140625
-2.590325904966866,-4.718584592177731,12.761627197265625,5.149078369140625
-2.8495073422969415,-4.263943622468236,11.811187744140625,5.149078369140625
-3.5983483476786686,-3.602520159965637,10.857818603515625,5.148956298828125
-3.375826425430242,-3.0165563854811963,9.907257080078125,5.148956298828125
-3.5723689881588965,-2.425064952373495,8.956817626953125,5.149078369140625
-3.867998758966425,-1.8420165415122194,8.003448486328125,5.148956298828125
-4.155326357031887,-1.262060187751802,7.052886962890625,5.148956298828125
-4.381253412201908,-0.6190223887674969,6.102325439453125,5.149078369140625
-4.664976719219673,-0.09743920668264346,5.149078369140625,5.148956298828125
-4.908419392290596,0.56544400100936,4.198516845703125,5.148956298828125
-5.191390277556398,1.0580900732130045,3.248077392578125,5.149078369140625
-5.483583943766547,1.7422258519096943,2.294586181640625,5.149078369140625
-5.75974486395337,2.293750863384359,1.344146728515625,5.149078369140625
-5.9665618516971195,2.9213016475036353,0.393707275390625,5.149078369140625
1.4017415752651845,-14.906222251864694,28.936920166015625,4.198516845703125
1.1759591306675201,-14.458758722823875,27.983917236328125,4.198516845703125
0.9409867382648716,-13.906130785030673,27.033355712890625,4.198516845703125
0.6864619901005954,-13.36219216910631,26.082794189453125,4.198516845703125
0.407949479347166,-12.837496312159795,25.129547119140625,4.198516845703125
0.1913564515391917,-12.240668889461574,24.178985595703125,4.198516845703125
-0.06993818612304765,-11.636573774496396,23.228546142578125,4.198516845703125
-0.31098319612621805,-11.090670340363882,22.275177001953125,4.198516845703125
-0.5946844253411139,-10.488467929769444,21.324737548828125,4.198516845703125
-0.8207803561544339,-9.917830801118091,20.374053955078125,4.198394775390625
-1.115993501050594,-9.390276899978458,19.420928955078125,4.198516845703125
-1.2998052781003309,-8.850051117526938,18.470367431640625,4.198516845703125
-1.6328991547251794,-8.261471217631298,17.519927978515625,4.198516845703125
-1.83484171550335,-7.678016861284064,16.566558837890625,4.198516845703125
-2.0519305561513064,-7.206469866434395,15.615997314453125,4.198516845703125
-2.3637197354408186,-6.554280072055349,14.665435791015625,4.198516845703125
-2.609432755095618,-5.936366983128826,13.712188720703125,4.198638916015625
-2.8742942769339535,-5.358094293220336,12.761627197265625,4.198516845703125
-3.0674197738708915,-4.841009801996782,11.811187744140625,4.198516845703125
-3.3354241540986163,-4.224279494201073,10.857696533203125,4.198516845703125
-3.6637343023752735,-3.734309470507486,9.907257080078125,4.198516845703125
-3.9208039704014,-3.133103963818961,8.956695556640625,4.198516845703125
-4.210898788757057,-2.5505989932579327,8.003326416015625,4.198516845703125
-4.438468823993307,-1.9514489111509434,7.052886962890625,4.198516845703125
-4.704782675314379,-1.2753884587410462,6.102325439453125,4.198638916015625
-4.950642922462653,-0.7318709850906177,5.149078369140625,4.198516845703125
-5.2101580352978365,-0.1105765610663223,4.198516845703125,4.198516845703125
-5.476512078858442,0.4708485578934351,3.248077392578125,4.198516845703125
-5.680672991581606,1.1177704586937849,2.294708251953125,4.198516845703125
-6.007767300887863,1.7171441850990383,1.344268798828125,4.198516845703125
-6.2709605733052936,2.304059262055206,0.393707275390625,4.198516845703125
1.0464558033641522,-15.650125579748941,28.936920166015625,3.247955322265625
0.8632333682455492,-15.121772254325775,27.983917236328125,3.248077392578125
0.6482643975690908,-14.60010729792087,27.033355712890625,3.248077392578125
0.3827323117129003,-13.987969937922225,26.082794189453125,3.247955322265625
0.1158672260025616,-13.385224727224129,25.129547119140625,3.248077392578125
-0.12785384811712944,-12.885363322287201,24.179107666015625,3.248077392578125
-0.35044577909875535,-12.34417128366973,23.228546142578125,3.248077392578125
-0.5968704314277512,-11.688328116860701,22.275177001953125,3.248077392578125
-0.888773934035362,-11.188199872506686,21.324737548828125,3.248077392578125
-1.0878525458977057,-10.61024710484106,20.374053955078125,3.248077392578125
-1.2883725593855861,-10.102522648250725,19.420928955078125,3.248077392578125
-1.6000160941743038,-9.452326878485348,18.470367431640625,3.247955322265625
-1.824574394025362,-8.903674186939686,17.519927978515625,3.248077392578125
-2.0802872846996494,-8.396944264910402,16.566436767578125,3.247955322265625
-2.336280517947663,-7.793447207220416,15.615875244140625,3.248077392578125
-2.631672211478786,-7.2212437112871735,14.665435791015625,3.248077392578125
-2.93791221097634,-6.668500560370083,13.712066650390625,3.248077392578125
-3.1658341347892374,-6.063959919461103,12.761749267578125,3.248077392578125
-3.4060863927123424,-5.538064767825095,11.811187744140625,3.248077392578125
-3.664721042326819,-4.850129435016361,10.857696533203125,3.247955322265625
-3.884770101112441,-4.344633851393858,9.907257080078125,3.248077392578125
-4.208851974618941,-3.728404635157224,8.956695556640625,3.248077392578125
-4.425682132873288,-3.1903824225530575,8.003448486328125,3.248077392578125
-4.682588028207213,-2.5326619812998716,7.052886962890625,3.247955322265625
-4.951768334566664,-1.960582986232182,6.102325439453125,3.247955322265625
-5.1896029533458075,-1.3330658941120903,5.148956298828125,3.247955322265625
-5.524619028507064,-0.7387472506375076,4.198516845703125,3.248077392578125
-5.766837079936621,-0.12758827612485826,3.248077392578125,3.248077392578125
-6.031391517319625,0.47802394512511187,2.294708251953125,3.248077392578125
-6.281184645197325,0.9991445955489834,1.344146728515625,3.248077392578125
-6.522539953102745,1.7077561462138604,0.393707275390625,3.248077392578125
0.7989889839750893,-16.20932325663168,28.936920166015625,2.294708251953125
0.6202534561316276,-15.724464959515398,27.983917236328125,2.294586181640625
0.28239846131435714,-15.191200950351025,27.033477783203125,2.294586181640625
0.07977276187577141,-14.60882337034968,26.082794189453125,2.294708251953125
-0.20522089621587397,-14.013795323750008,25.129547119140625,2.294586181640625
-0.4201615145364281,-13.563243638725117,24.179107666015625,2.294708251953125
-0.644675766982049,-12.962343195436858,23.228546142578125,2.294708251953125
-0.8735265660977127,-12.35257720849515,22.275177001953125,2.294708251953125
-1.1116144374002148,-11.788753190277207,21.324737548828125,2.294708251953125
-1.3999558396368748,-11.276256849528165,20.374053955078125,2.294708251953125
-1.6108135628832363,-10.685947286394972,19.420928955078125,2.294708251953125
-1.8833581186519,-10.109197560945097,18.470367431640625,2.294708251953125
-2.11278297906374,-9.59596736565854,17.519805908203125,2.294708251953125
-2.4129381789282185,-9.017260665363485,16.566436767578125,2.294708251953125
-2.6718121444378173,-8.419683036939453,15.615997314453125,2.294708251953125
-2.8728989207701243,-7.910673931776384,14.665435791015625,2.294708251953125
-3.1659316687495593,-7.2877175540522385,13.712188720703125,2.294708251953125
-3.3753932174012493,-6.719691776146459,12.761627197265625,2.294708251953125
-3.667409004379084,-6.1551677750607885,11.811187744140625,2.294708251953125
-3.9078513845423912,-5.564414647567005,10.857696533203125,2.294708251953125
-4.181555032378936,-4.983335070222121,9.907257080078125,2.294708251953125
-4.451501114271867,-4.45674441187562,8.956817626953125,2.294708251953125
-4.696555639602518,-3.7988894433565887,8.003448486328125,2.294586181640625
-4.938260785499586,-3.172046268976309,7.052886962890625,2.294708251953125
-5.231502999127999,-2.6881467688102196,6.102325439453125,2.294708251953125
-5.493145339604142,-2.0008901476171594,5.149078369140625,2.294708251953125
-6.231523696168949,-1.4332850350761979,4.198638916015625,2.294586181640625
-5.976574156857482,-0.7705588067038331,3.247955322265625,2.294708251953125
-6.294434963346304,-0.18911406577312126,2.294708251953125,2.294708251953125
-6.576641111603303,0.34879974464148444,1.344146728515625,2.294708251953125
-6.82024396804816,0.9256830532623807,0.393585205078125,2.294708251953125
0.5955289674618472,-17.00849989356354,28.936920166015625,1.344146728515625
0.37890912712207037,-16.346129820652678,27.984039306640625,1.344146728515625
0.04552759207928396,-15.842941340945513,27.033355712890625,1.344146728515625
-0.17994577023632846,-15.257666136277374,26.082794189453125,1.344146728515625
-0.44132273456479126,-14.729283025306955,25.129547119140625,1.344146728515625
-0.6577126902457443,-13.862225560427015,24.178985595703125,1.344146728515625
-0.8882121205344663,-13.605439332250254,23.228546142578125,1.344146728515625
-1.129077836263714,-13.03783322667037,22.275177001953125,1.344146728515625
-1.4133482705486604,-12.478729819608134,21.324737548828125,1.344146728515625
-1.653842996202271,-11.88929765486846,20.374053955078125,1.344146728515625
-1.914854879162735,-11.31969700159159,19.420928955078125,1.344146728515625
-2.125663459319506,-10.710828566741235,18.470367431640625,1.344146728515625
-2.316369312452647,-10.123718106643112,17.519927978515625,1.344146728515625
-2.573889063256068,-9.628847104156202,16.566558837890625,1.344146728515625
-2.9389213998030046,-9.067675467147664,15.615875244140625,1.344146728515625
-3.164125701532721,-8.511354751276956,14.665313720703125,1.344146728515625
-3.428550251945704,-7.890413113086421,13.712188720703125,1.344146728515625
-3.715983783326709,-7.2574132237664335,12.761627197265625,1.344146728515625
-3.9067479152884035,-6.658460447663658,11.811187744140625,1.344146728515625
-4.205460056795278,-6.097025498284847,10.857696533203125,1.344146728515625
-4.465483498582272,-5.652938087718525,9.907257080078125,1.344146728515625
-4.72855548167549,-4.996455438724572,8.956817626953125,1.344268798828125
-4.995689106864052,-4.421324864850534,8.003448486328125,1.344146728515625
-5.2279590860137,-3.7775920211765386,7.052886962890625,1.344146728515625
-5.494261764852774,-3.2528334072638105,6.102447509765625,1.344268798828125
-5.774593129982245,-2.609524642891453,5.148956298828125,1.344268798828125
-6.001903673835866,-1.9975284843143255,4.198516845703125,1.344146728515625
-6.299039440140803,-1.4170741926633115,3.248077392578125,1.344146728515625
-6.595761991011106,-0.8253668574321853,2.294708251953125,1.344146728515625
-6.842594977669325,-0.2853429834069698,1.344146728515625,1.344146728515625
-7.100731614173239,0.40223605255312656,0.393585205078125,1.344146728515625
0.2790514487568363,-17.54544925061112,28.936920166015625,0.393707275390625
0.07061107637151873,-16.967744041562913,27.983917236328125,0.393707275390625
-0.2029251271337017,-16.46016528619277,27.033477783203125,0.393707275390625
-0.3849420977453372,-15.81020666006345,26.082794189453125,0.393707275390625
-0.7016102919955226,-15.306458108787588,25.129547119140625,0.393707275390625
-0.9369084782716297,-14.654264779932822,24.179107666015625,0.393707275390625
-1.095391449864064,-14.305283514300397,23.228546142578125,0.393707275390625
-1.3683670326550272,-13.642176212408527,22.275299072265625,0.393707275390625
-1.6440331305388496,-13.054403244224778,21.324737548828125,0.393707275390625
-1.8825853102687389,-12.483820793795523,20.374053955078125,0.393707275390625
-2.173045864909279,-11.95243665165167,19.420928955078125,0.393707275390625
-2.432865871470356,-11.299503023936687,18.470367431640625,0.393707275390625
-2.6615725528377996,-10.73026748557116,17.519927978515625,0.393707275390625
-2.9235907172678823,-10.270981158823837,16.566558837890625,0.393707275390625
-3.144858409362735,-9.686402009663023,15.615997314453125,0.393707275390625
-3.406622736830821,-9.043319821480269,14.665435791015625,0.393707275390625
-3.693254931375789,-8.527804440510108,13.712188720703125,0.393707275390625
-3.8794483242012365,-7.924097118874119,12.761627197265625,0.393707275390625
-4.241897275047157,-7.278008752321427,11.811187744140625,0.393707275390625
-4.4281302576251536,-6.700390193708852,10.857696533203125,0.393707275390625
-4.771676403936206,-6.271889816202035,9.907257080078125,0.393707275390625
-5.005218970541848,-5.608738715460174,8.956695556640625,0.393707275390625
-5.281349769146219,-4.9648761281316505,8.003448486328125,0.393707275390625
-5.494822305075151,-4.488838395839054,7.052886962890625,0.393707275390625
-5.780753505973492,-3.8464305791289792,6.102325439453125,0.393707275390625
-6.014778701277506,-3.2087930812880714,5.148956298828125,0.393707275390625
-6.315878090790202,-2.6460703411581554,4.198516845703125,0.393707275390625
-6.575521185672051,-2.009897217988658,3.247955322265625,0.393707275390625
-6.911385983189802,-1.4714768777821652,2.294708251953125,0.393707275390625
-7.132521326887149,-0.8613889466636547,1.344146728515625,0.393707275390625
-7.367079044318984,-0.17802781435553833,0.393707275390625,0.393707275390625
