8.072635259000334,-0.4091456268716047,28.937042236328125,28.937042236328125
7.809946587814733,-0.9804041117124644,28.936920166015625,27.983795166015625
7.648006198098384,-1.5117987125681807,28.937042236328125,27.033355712890625
7.340931089691067,-2.0368089706342576,28.937042236328125,26.082794189453125
7.137890119712794,-2.626057127730552,28.936920166015625,25.129547119140625
6.813670319167351,-3.1840555635466474,28.936920166015625,24.178985595703125
6.490315264751416,-3.6729170133264915,28.937042236328125,23.228546142578125
6.237051247016146,-4.2995121190953824,28.936920166015625,22.275177001953125
6.10154066446194,-4.800585170928676,28.937042236328125,21.324615478515625
5.786275515766298,-5.383927677104676,28.936920166015625,20.374053955078125
5.55314324061064,-5.872264208996924,28.936920166015625,19.420806884765625
5.2594264949632805,-6.5025290878053745,28.936920166015625,18.470245361328125
4.9882811173901525,-7.136656497629175,28.937042236328125,17.519805908203125
4.757825461906981,-7.623524315304151,28.937042236328125,16.566436767578125
4.5631012564667115,-8.363161773340572,28.937042236328125,15.615997314453125
4.295168860556845,-8.922208609162205,28.937042236328125,14.665435791015625
3.472019462627853,-9.41520504154908,28.936920166015625,13.712066650390625
3.655048606427618,-9.899546667869961,28.937042236328125,12.761627197265625
3.3751923669378527,-10.495619771537996,28.937042236328125,11.811187744140625
2.6050550803665624,-11.119158852329038,28.937042236328125,10.857696533203125
3.001365477860251,-11.572924465794465,28.936920166015625,9.907257080078125
2.64552860383328,-12.227945051942884,28.937042236328125,8.956817626953125
2.4020539861710564,-12.756314076164706,28.937042236328125,8.003326416015625
2.1045897334592425,-13.39955587826424,28.937042236328125,7.052886962890625
1.8654583504880313,-14.042810624015509,28.937042236328125,6.102447509765625
1.5967831877543106,-14.53367787766478,28.937042236328125,5.149078369140625
1.3950541022986374,-15.170174944048485,28.937042236328125,4.198516845703125
1.1157858225927269,-15.75811581455435,28.937042236328125,3.248077392578125
0.8084468243892509,-16.398585593945157,28.937042236328125,2.294708251953125
0.5453287227670534,-16.92818282936529,28.937042236328125,1.344146728515625
0.3136191219511338,-17.684224112439555,28.937042236328125,0.393707275390625
7.868005026916564,0.23847452707049205,27.983795166015625,28.936920166015625
7.622250887053995,-0.4075868230551519,27.983795166015625,27.983917236328125
7.348475365276928,-0.9619271005500732,27.983795166015625,27.033355712890625
7.068476818743772,-1.4714082295680662,27.983795166015625,26.082916259765625
6.880237143292079,-2.005983584716573,27.983917236328125,25.129425048828125
6.590960944196382,-2.6485601324804495,27.983795166015625,24.178985595703125
6.331723515456884,-3.1926053126650755,27.983795166015625,23.228424072265625
6.059011990167406,-3.7502694612971372,27.983795166015625,22.275177001953125
5.834009856774051,-4.188489377524724,27.983917236328125,21.324737548828125
5.489838711142198,-4.858607198834165,27.983795166015625,20.374053955078125
5.265404709720884,-5.396874744681266,27.983795166015625,19.420806884765625
5.028416626677312,-5.9782595141464725,27.983917236328125,18.470367431640625
4.697533506850982,-6.493630305899926,27.983917236328125,17.519805908203125
4.491169126028627,-7.123200088645965,27.983917236328125,16.566436767578125
4.275150438764316,-7.6737912659563765,27.983917236328125,15.615997314453125
4.059843989710217,-8.171900733422737,27.983795166015625,14.665435791015625
3.759738479435352,-8.929716423190722,27.983917236328125,13.712066650390625
3.4432866075195987,-9.379896238087456,27.983917236328125,12.761627197265625
3.139194283255827,-9.96034269407937,27.983917236328125,11.811065673828125
2.9669565584018316,-10.058400454490796,27.983917236328125,10.857696533203125
2.70788414199987,-11.192421002319907,27.983917236328125,9.907257080078125
2.432976359947746,-11.688078254611838,27.983795166015625,8.956817626953125
2.2020777076232223,-12.25901492399957,27.983917236328125,8.003326416015625
1.8530040689070226,-12.811854696308824,27.983795166015625,7.052886962890625
1.5811573615197696,-13.413307277670476,27.983917236328125,6.102447509765625
1.3749985045600595,-14.132308691833707,27.983795166015625,5.149078369140625
1.1240974899535834,-14.63238823325827,27.983917236328125,4.198516845703125
0.8673264777596411,-15.257979654937667,27.983917236328125,3.248077392578125
0.5857434619589673,-15.780978157206903,27.983917236328125,2.294708251953125
0.3029324118990029,-16.345006737863454,27.983795166015625,1.344146728515625
0.08903939121022482,-17.034699185945993,27.983917236328125,0.393707275390625
7.589048129480677,0.726047889440588,27.033355712890625,28.937042236328125
7.342007139948614,0.14973970319242783,27.033233642578125,27.983917236328125
7.184595104666869,-0.3781201751923742,27.033355712890625,27.033355712890625
6.846413806489067,-0.936262171886251,27.033355712890625,26.082794189453125
6.656674068981572,-1.5625517936144393,27.033355712890625,25.129547119140625
6.332579916916722,-2.0126540655296776,27.033355712890625,24.178985595703125
6.07320260494055,-2.6371449572793924,27.033355712890625,23.228424072265625
5.7794577370106825,-3.1945113173803183,27.033355712890625,22.275177001953125
5.5731232040841885,-3.776993697311086,27.033355712890625,21.324615478515625
5.284413028893979,-4.350421036178817,27.033355712890625,20.374053955078125
5.1008272355482305,-4.839062805119138,27.033355712890625,19.420806884765625
4.766519939704366,-5.35986845590046,27.033355712890625,18.470367431640625
4.514651688498126,-5.942012718850549,27.033355712890625,17.519805908203125
4.251134597617644,-6.566651089536345,27.033355712890625,16.566436767578125
3.977561070350978,-7.190286177533102,27.033355712890625,15.615997314453125
3.752373894914206,-7.694358816311962,27.033355712890625,14.665435791015625
3.458651884810999,-8.22754621979838,27.033355712890625,13.712066650390625
3.2549056059507735,-8.777354651035175,27.033355712890625,12.761627197265625
2.972330977242592,-9.34232159052628,27.033355712890625,11.811065673828125
2.7214719865937735,-10.036922750764525,27.033355712890625,10.857818603515625
2.3759240988147408,-10.600644187456297,27.033355712890625,9.907257080078125
2.1674705226307958,-11.151561287011925,27.033355712890625,8.956695556640625
1.9500414988882702,-11.692276393728639,27.033355712890625,8.003326416015625
1.6790830498003289,-12.274510041703877,27.033355712890625,7.052886962890625
1.3666598266160943,-12.851558480836099,27.033355712890625,6.102447509765625
1.1616148009388798,-13.473362373617261,27.033477783203125,5.149078369140625
0.8317344652299187,-14.087647278062105,27.033355712890625,4.198516845703125
0.5717493466687021,-14.61954681160092,27.033355712890625,3.248077392578125
0.34491612054082926,-15.198579979950289,27.033355712890625,2.294708251953125
0.04622007869875621,-15.78850406035546,27.033355712890625,1.344146728515625
-0.1421714371172436,-16.48450484120913,27.033355712890625,0.393707275390625
7.3482190804452445,1.2215798710170587,26.082794189453125,28.936920166015625
7.083793739686288,0.6835648741349873,26.082916259765625,27.983917236328125
6.8775918059795735,0.12360375252037602,26.082794189453125,27.033355712890625
7.101519445033986,-0.3557492040366742,26.082794189453125,26.082794189453125
6.3252710522637905,-0.3415270468619547,26.082794189453125,25.129547119140625
6.080672515429347,-1.4861304797296688,26.082794189453125,24.179107666015625
5.796147014189039,-2.0178702980754615,26.082916259765625,23.228546142578125
5.536955508170348,-2.650792724158794,26.082794189453125,22.275177001953125
5.325069586358977,-3.169537498505936,26.082794189453125,21.324615478515625
5.074701759975829,-3.7235597454281506,26.082794189453125,20.374053955078125
4.804641102375386,-4.345592376161075,26.082794189453125,19.420806884765625
4.518498885061826,-4.824237819567897,26.082916259765625,18.470367431640625
4.275983134739979,-5.42066460234906,26.082916259765625,17.519805908203125
3.9168918440466682,-5.957448729260719,26.082794189453125,16.566436767578125
3.7370778381683434,-6.600562834330218,26.082916259765625,15.615997314453125
3.4843479526562224,-7.083883293502799,26.082916259765625,14.665435791015625
3.201859844315288,-7.686237242248205,26.082916259765625,13.712066650390625
2.9234182293126376,-8.245216813544932,26.082916259765625,12.761627197265625
2.7048034273310013,-8.878293493892558,26.082794189453125,11.811065673828125
2.4718087531350394,-9.495465126843008,26.082916259765625,10.857696533203125
2.2311261581525965,-9.99161215779268,26.082916259765625,9.907257080078125
1.940795129877356,-10.58360985205395,26.082794189453125,8.956695556640625
1.6514113190491988,-11.112182309422126,26.082794189453125,8.003326416015625
1.3761361548770934,-11.733911197462344,26.082794189453125,7.052886962890625
1.1229647204730326,-12.263001067997982,26.082794189453125,6.102447509765625
0.8812205119888282,-12.947635765528542,26.082916259765625,5.149078369140625
0.6839154925313132,-13.446376551878915,26.082916259765625,4.198516845703125
0.3706790481079429,-14.147116936242226,26.082794189453125,3.248077392578125
0.09697445974077482,-14.64942152282569,26.082916259765625,2.294708251953125
-0.12953766088563842,-15.216924351506224,26.082916259765625,1.344146728515625
-0.9575619808400272,-15.954348675361361,26.082916259765625,0.393707275390625
7.098199970245309,1.9186776019941534,25.129547119140625,28.936920166015625
6.916077651267496,1.2954953796841695,25.129547119140625,27.983917236328125
6.582271585398545,0.7254954571667255,25.129547119140625,27.033355712890625
6.370259593970957,0.14973220388317643,25.129425048828125,26.082794189453125
6.124172402880811,-0.335487486123476,25.129425048828125,25.129425048828125
5.817827648649359,-0.9682057772174919,25.129547119140625,24.179107666015625
5.525891750053216,-1.4786628219624838,25.129425048828125,23.228546142578125
5.308970089719681,-2.0809371396309095,25.129547119140625,22.275177001953125
5.110969516249828,-2.6194791584813317,25.129425048828125,21.324615478515625
4.853468929994344,-3.202004624640688,25.129425048828125,20.374053955078125
4.53689627134987,-3.6893680785475045,25.129547119140625,19.420806884765625
4.363715822878622,-4.31459889080522,25.129547119140625,18.470245361328125
4.004740719443581,-4.92695059953085,25.129547119140625,17.519927978515625
3.720247948033467,-5.4462042092220235,25.129547119140625,16.566436767578125
3.548555093284675,-5.951752207859884,25.129547119140625,15.615997314453125
3.269845987730639,-6.545480018778698,25.129547119140625,14.665435791015625
2.965811052706083,-7.0717580771059,25.129547119140625,13.712066650390625
2.674998764994802,-7.680890268859918,25.129547119140625,12.761627197265625
2.3905844889377676,-8.248428141853918,25.129547119140625,11.811065673828125
2.1912795436027035,-8.90902732012664,25.129547119140625,10.857696533203125
1.9220863166667805,-9.462251171389802,25.129425048828125,9.907257080078125
1.672336237870162,-9.987237932734725,25.129547119140625,8.956695556640625
1.4372609292794598,-10.566094891268294,25.129425048828125,8.003326416015625
1.17998096672486,-11.130782662463726,25.129425048828125,7.052886962890625
0.9076316296445611,-11.742438652396476,25.129547119140625,6.102325439453125
0.6301235081487083,-12.371404842651854,25.129547119140625,5.149078369140625
0.3701814725384173,-12.914586003601867,25.129547119140625,4.198516845703125
0.1059225630312465,-13.559519924082071,25.129547119140625,3.247955322265625
-0.19282685432337923,-14.073820116654481,25.129547119140625,2.294708251953125
-0.4622397583373792,-14.683658696673985,25.129547119140625,1.344146728515625
-0.6733839167620741,-15.333112506539154,25.129547119140625,0.393707275390625
6.844860345182817,2.366608011660236,24.178985595703125,28.937042236328125
6.615514041671646,1.7994545834853384,24.178985595703125,27.983917236328125
6.34711427333963,1.2660845264501186,24.178985595703125,27.033355712890625
6.110755598571853,0.7369578630339343,24.178985595703125,26.082794189453125
5.865746659054094,0.16406350271177056,24.178985595703125,25.129425048828125
5.647292850743631,-0.3818711953365152,24.178985595703125,24.178985595703125
5.303387777907071,-0.9188800282968508,24.178985595703125,23.228546142578125
5.053985557581945,-1.4478662756437315,24.178985595703125,22.275177001953125
4.760557358863212,-2.047106155654928,24.178985595703125,21.324615478515625
4.606498507423444,-2.513381060672223,24.178985595703125,20.374053955078125
4.310165330755171,-3.0914293805961206,24.178985595703125,19.420806884765625
4.007795588249162,-3.703557099362562,24.178985595703125,18.470245361328125
3.777822286369684,-4.198069245579879,24.178985595703125,17.519805908203125
3.557726223313814,-4.884075200651837,24.178985595703125,16.566436767578125
3.335186255425052,-5.406894442635436,24.178985595703125,15.615997314453125
3.0741122755907218,-5.884644576271726,24.178985595703125,14.665435791015625
2.716788626702071,-6.571326628280726,24.178985595703125,13.712066650390625
2.4621556056223337,-7.14790803072509,24.179107666015625,12.761627197265625
2.26466669948602,-7.668114422936242,24.178985595703125,11.811065673828125
2.007205822879607,-8.299513593413174,24.178985595703125,10.857696533203125
1.6888706568222924,-8.98569977724557,24.178985595703125,9.907257080078125
1.4373972227855458,-9.49210640229728,24.178985595703125,8.956695556640625
1.1816228829337587,-9.967748903826156,24.178985595703125,8.003326416015625
0.8372590964619078,-10.118354021978668,24.178985595703125,7.052886962890625
0.6774686129286365,-11.24369650848446,24.178985595703125,6.102447509765625
0.4475049020401363,-11.75541819919817,24.178985595703125,5.149078369140625
0.1588299009338628,-12.342080242566697,24.178985595703125,4.198516845703125
-0.08775110765971911,-12.903690864204583,24.178985595703125,3.247955322265625
-0.41315081353796046,-13.57635109412538,24.179107666015625,2.294586181640625
-0.6766797487669461,-14.074805645684101,24.178985595703125,1.344146728515625
-0.8608477857539459,-14.79868044333245,24.178985595703125,0.393707275390625
6.707995351936521,2.8919319747820107,23.228424072265625,28.937042236328125
6.412488767066193,2.4055376641388166,23.228546142578125,27.983917236328125
6.126589762296422,1.8810550838634121,23.228546142578125,27.033355712890625
5.871743668030694,1.2727523158502017,23.228424072265625,26.082916259765625
5.6185069383413415,0.7471910785021554,23.228546142578125,25.129425048828125
5.334537614681593,0.1864471541291777,23.228424072265625,24.178985595703125
5.068601089867793,-0.3518790528698666,23.228546142578125,23.228546142578125
4.80938084438735,-0.897133470540557,23.228424072265625,22.275177001953125
4.65481699076114,-1.4449432512015932,23.228424072265625,21.324615478515625
4.343639062804413,-2.0628057845674013,23.228546142578125,20.374176025390625
4.11432507389214,-3.1096797366063416,23.228546142578125,19.420806884765625
3.785964850916018,-3.2057174184153427,23.228546142578125,18.470245361328125
3.5399893415180106,-3.7491006152706947,23.228546142578125,17.519805908203125
3.287477945017047,-4.321694172562298,23.228546142578125,16.566436767578125
3.0589421795997893,-4.907035626012525,23.228546142578125,15.615997314453125
2.789109905260602,-5.381841510053382,23.228546142578125,14.665435791015625
2.543014113085221,-6.074588485210716,23.228546142578125,13.712066650390625
2.198643772911949,-6.572663836488551,23.228546142578125,12.761627197265625
2.024364728675673,-7.169733812784704,23.228546142578125,11.811065673828125
1.6387771538165181,-7.745045453781325,23.228424072265625,10.857696533203125
1.4639677133913553,-8.404626547122655,23.228546142578125,9.907257080078125
1.2226234010759436,-8.847518546021014,23.228546142578125,8.956695556640625
1.0141019471037331,-9.438143555243188,23.228546142578125,8.003448486328125
0.6681325658481768,-10.062308293790396,23.228546142578125,7.052886962890625
0.3457345469414305,-10.704058504687023,23.228546142578125,6.102325439453125
0.14970088075466123,-11.23332825776301,23.228546142578125,5.149078369140625
-0.10510645354609145,-11.829660153483088,23.228546142578125,4.198516845703125
-0.32916145320248386,-12.352463489543158,23.228546142578125,3.247955322265625
-0.6848282973079436,-12.979109183564685,23.228546142578125,2.294708251953125
-0.9043061018939745,-13.53129773509458,23.228546142578125,1.344146728515625
-1.1618877502216778,-14.23845391295634,23.228546142578125,0.393707275390625
6.418874907728043,3.473956977150399,22.275054931640625,28.936920166015625
6.06375364227841,2.9533610904042362,22.275177001953125,27.983917236328125
5.911479188005678,2.390741323924146,22.275177001953125,27.033355712890625
5.623330167331573,1.7846710864589002,22.275054931640625,26.082916259765625
5.335496000550576,1.3593518797466961,22.275054931640625,25.129547119140625
5.093944475886655,0.7744683663115524,22.275177001953125,24.178985595703125
4.8379322169993335,0.18354918953528132,22.275054931640625,23.228546142578125
4.5788390525684575,-0.3486940064790524,22.275177001953125,22.275177001953125
4.381198917208573,-0.9244996295789218,22.275177001953125,21.324615478515625
4.050105951781478,-1.5053868794109406,22.275054931640625,20.374176025390625
3.8422689346140873,-2.085301964362683,22.275177001953125,19.420806884765625
3.553253968800142,-2.6117641445689816,22.275177001953125,18.470367431640625
3.2637896791673153,-3.1963628955771894,22.275177001953125,17.519805908203125
3.0581375828749713,-3.695300712171434,22.275177001953125,16.566436767578125
2.7957369595244903,-4.359331234823535,22.275177001953125,15.615997314453125
2.549494238502628,-4.8305564750766115,22.275177001953125,14.665435791015625
1.7460304062617156,-5.4194189935286525,22.275177001953125,13.712066650390625
1.9791253556040347,-5.9972799231508835,22.275177001953125,12.761627197265625
1.7004673344030214,-6.620568531960953,22.275177001953125,11.811065673828125
1.4818907977957692,-7.125652311891699,22.275177001953125,10.857696533203125
1.2494990753428545,-7.659410197470577,22.275177001953125,9.907257080078125
0.9146552859470835,-8.317003518158131,22.275177001953125,8.956695556640625
0.6684811734833295,-8.861629083102157,22.275177001953125,8.003326416015625
0.368114939703465,-9.434635552518243,22.275177001953125,7.052886962890625
0.15939210020819125,-10.043575186898929,22.275177001953125,6.102325439453125
-0.10776279778237972,-10.645140434549585,22.275177001953125,5.148956298828125
-0.3296037726797386,-11.189870001592354,22.275177001953125,4.198516845703125
-0.6139432668810607,-11.808672470033343,22.275177001953125,3.248077392578125
-0.8897690254420119,-12.37538450595606,22.275177001953125,2.294708251953125
-1.1759942254268023,-12.921307298971838,22.275177001953125,1.344146728515625
-0.782652359304085,-13.605678276944879,22.275177001953125,0.393707275390625
6.0998298148164825,4.061031149499349,21.324615478515625,28.937042236328125
5.866987720486762,3.5655300651750435,21.324615478515625,27.983917236328125
5.644229132575598,2.931721490771633,21.324615478515625,27.033355712890625
5.391881658175076,2.404483949715084,21.324615478515625,26.082794189453125
5.07415757962015,1.8148636911734324,21.324615478515625,25.129547119140625
4.376492754932669,1.3813893372340673,21.324615478515625,24.178985595703125
4.677131825866585,0.7340152816918519,21.324615478515625,23.228546142578125
4.358925060871683,0.22828637351680217,21.324615478515625,22.275177001953125
4.098277544459872,-0.3532491801512581,21.324615478515625,21.324615478515625
3.8445508086092492,-0.8780671822673632,21.324615478515625,20.374176025390625
3.574739464503327,-1.419029448077342,21.324615478515625,19.420806884765625
3.3291616600235767,-2.0570752014183395,21.324615478515625,18.470367431640625
2.9890622971437653,-2.5764241548280733,21.324615478515625,17.519805908203125
2.794798072482656,-3.1739809857936336,21.324615478515625,16.566436767578125
2.536382463743213,-3.697272852176262,21.324615478515625,15.615875244140625
2.2975132073232754,-4.345721067423482,21.324615478515625,14.665435791015625
2.023163283697842,-4.896513920953543,21.324615478515625,13.712066650390625
1.8216306767414272,-5.504276140485124,21.324615478515625,12.761627197265625
1.484362679830513,-5.973178792648539,21.324615478515625,11.811065673828125
1.199757773682628,-6.6622191132589705,21.324737548828125,10.857696533203125
1.0191238288308968,-7.222062995287444,21.324615478515625,9.907257080078125
0.755138765173584,-7.810618189819962,21.324737548828125,8.956695556640625
0.40231072965009074,-8.301714131866243,21.324615478515625,8.003448486328125
0.18407321716423167,-8.794618221116881,21.324615478515625,7.052886962890625
-0.06318205850543829,-9.497102082489308,21.324737548828125,6.102325439453125
-0.328049130986755,-10.121501092250115,21.324615478515625,5.148956298828125
-0.4988595945298449,-10.648449784939428,21.324737548828125,4.198516845703125
-0.8732902938975866,-11.211702687469996,21.324615478515625,3.247955322265625
-1.1084705576306602,-11.721201856131364,21.324737548828125,2.294586181640625
-1.366915141524697,-12.380105041792763,21.324737548828125,1.344146728515625
-1.6263873841366616,-13.08890497143134,21.324737548828125,0.393707275390625
5.93502780742478,4.721833754616681,20.374176025390625,28.937042236328125
5.644884409093145,4.121077413848258,20.374053955078125,27.983917236328125
5.3841163129601055,3.508029205813962,20.374053955078125,27.033355712890625
5.12561387607978,3.009037278185228,20.374176025390625,26.082794189453125
4.879681980936901,2.5212407889776784,20.374053955078125,25.129547119140625
4.610655822381697,1.9644586015965473,20.374053955078125,24.178985595703125
4.368967492880596,1.3354270903762528,20.374053955078125,23.228546142578125
4.059126306607442,0.7768433115765546,20.374053955078125,22.275177001953125
3.8840244198704665,0.184141744629576,20.374053955078125,21.324615478515625
3.637157135380264,-0.32352274114463975,20.374176025390625,20.374053955078125
3.3481547300487633,-0.957061016141187,20.374176025390625,19.420806884765625
3.1065769376003725,-1.4266478994552576,20.374176025390625,18.470367431640625
2.783049153056059,-2.0666023995497755,20.374176025390625,17.519805908203125
2.5616710505778597,-2.6682744227315576,20.374176025390625,16.566558837890625
2.3782953038158876,-3.090337393776525,20.374176025390625,15.615875244140625
2.115875325761661,-3.755371898176361,20.374176025390625,14.665435791015625
1.7931389127591395,-4.315721349865653,20.374176025390625,13.712066650390625
1.5061067390489582,-4.8539623979330875,20.374176025390625,12.761505126953125
1.2528707711238931,-5.491419087769464,20.374176025390625,11.811187744140625
0.9773193934018617,-6.013379633125468,20.374176025390625,10.857818603515625
0.7141689831802828,-6.648215097899878,20.374176025390625,9.907257080078125
0.42626941086627634,-7.143913201082163,20.374176025390625,8.956695556640625
0.20317253763419882,-7.725623387342353,20.374176025390625,8.003448486328125
-0.025699234081440647,-8.289729364086902,20.374176025390625,7.052886962890625
-0.330812584685828,-8.957046204283133,20.374176025390625,6.102325439453125
-0.6204765178341359,-9.522422679254563,20.374176025390625,5.148956298828125
-0.8378085343981791,-10.116663731723065,20.374176025390625,4.198516845703125
-1.0679326627574126,-10.674715162734925,20.374176025390625,3.247955322265625
-1.4138151525098952,-11.21282373243296,20.374176025390625,2.294586181640625
-1.630441200754657,-11.846082590049168,20.374176025390625,1.344146728515625
-1.8135770961240736,-12.4629111047631,20.374298095703125,0.393707275390625
5.664793979885042,5.250965602157371,19.420806884765625,28.937042236328125
5.376216201654795,4.7005636517714295,19.420684814453125,27.983917236328125
5.175073945919707,4.130050244930437,19.420806884765625,27.033355712890625
4.8606255304862565,3.5840967089728513,19.420684814453125,26.082794189453125
4.633853464228166,3.0534850251368026,19.420806884765625,25.129547119140625
4.386775158723108,2.438288848950702,19.420806884765625,24.179107666015625
4.111858686050989,1.8932226004709847,19.420806884765625,23.228546142578125
3.8648951582687925,1.3820185503884928,19.420684814453125,22.275177001953125
3.6391362383879287,0.7924364339229686,19.420806884765625,21.324615478515625
3.3891463189865907,0.2594438316521917,19.420806884765625,20.374176025390625
3.086736532630638,-0.31133109710250184,19.420806884765625,19.420806884765625
2.8368661872529843,-0.9463846756625539,19.420806884765625,18.470367431640625
2.555164978681474,-1.5109434803500235,19.420806884765625,17.519927978515625
2.3223940720998075,-2.0601164910003473,19.420806884765625,16.566436767578125
2.062086495424749,-2.6538197077654506,19.420806884765625,15.615997314453125
1.8024360707734304,-3.186039121263511,19.420806884765625,14.665435791015625
1.5278265445901076,-3.7484957169741646,19.420806884765625,13.712066650390625
1.3030328247291647,-4.267464208004934,19.420806884765625,12.761627197265625
1.01552043448392,-4.854208944700932,19.420806884765625,11.811187744140625
0.8249875756129291,-5.43541674361795,19.420806884765625,10.857696533203125
0.4475284655770864,-6.0621686738426375,19.420806884765625,9.907257080078125
0.21354858400623555,-6.513998877641274,19.420806884765625,8.956817626953125
0.0011419915375146495,-7.214066565163558,19.420806884765625,8.003326416015625
-0.28515296000280627,-7.740103693109311,19.420806884765625,7.052886962890625
-0.5361300319439856,-8.251324070720942,19.420806884765625,6.102447509765625
-0.8089295456965823,-9.031908722104685,19.420806884765625,5.148956298828125
-1.0830905429832018,-9.521294064083891,19.420928955078125,4.198516845703125
-1.417757725723336,-10.094012309105418,19.420806884765625,3.248077392578125
-1.6341778140946372,-10.60917263922954,19.420928955078125,2.294586181640625
-1.879487708468783,-11.213146401933232,19.420928955078125,1.344268798828125
-2.1542520930271865,-11.909933314799208,19.420806884765625,0.393707275390625
5.389597438031766,5.8107956664451725,18.470367431640625,28.937042236328125
5.124174959765664,5.220245716267039,18.470245361328125,27.983917236328125
4.95777802619882,4.756215477880013,18.470245361328125,27.033355712890625
4.694565544679634,4.1918800213933745,18.470245361328125,26.082794189453125
4.394965471075697,3.5030339098551337,18.470245361328125,25.129547119140625
4.124735424991447,3.072017177451268,18.470245361328125,24.178985595703125
3.8088666503917126,2.4444353504295524,18.470245361328125,23.228546142578125
3.6422908161614855,1.943934202774093,18.470245361328125,22.275177001953125
3.322863088685232,1.309226032008591,18.470245361328125,21.324615478515625
3.1128041547341554,0.8530410481826786,18.470245361328125,20.374176025390625
2.8114883910831803,0.3117935210149174,18.470245361328125,19.420806884765625
2.5835954020039265,-0.379694628810019,18.470367431640625,18.470245361328125
2.286749718658218,-0.9481238320451801,18.470367431640625,17.519805908203125
2.0391220436979927,-1.46725971374559,18.470367431640625,16.566436767578125
1.8180652022220867,-1.9936752232832098,18.470367431640625,15.615997314453125
1.5801397633811474,-2.663241504546423,18.470367431640625,14.665435791015625
1.2425027101568675,-3.173520035089356,18.470367431640625,13.712066650390625
0.9536066625587096,-3.708781210768727,18.470367431640625,12.761627197265625
0.7983712649610951,-4.293788246987618,18.470367431640625,11.811065673828125
0.49783864347402385,-4.828486887506773,18.470367431640625,10.857696533203125
0.25078916152450736,-5.443452098428325,18.470367431640625,9.907257080078125
-0.014399316443611419,-6.060053855375324,18.470367431640625,8.956695556640625
-0.3642800171597372,-6.609099413396208,18.470367431640625,8.003448486328125
-0.5690682848194999,-7.191504415848967,18.470367431640625,7.052886962890625
-0.8531006099913946,-7.771334096045887,18.470367431640625,6.102325439453125
-1.0801535354756764,-8.421058675113455,18.470367431640625,5.148956298828125
-1.3318056693344706,-8.980615283769,18.470367431640625,4.198516845703125
-1.5951645910182497,-9.530931023957692,18.470367431640625,3.248077392578125
-1.8703691708523822,-10.09929005152022,18.470367431640625,2.294586181640625
-2.105003667237536,-10.700090887015623,18.470367431640625,1.344146728515625
-2.4195074694245466,-11.351995394923422,18.470367431640625,0.393707275390625
5.196844915706404,6.410670870412475,17.519805908203125,28.937042236328125
4.910174085574909,5.781580961727635,17.519683837890625,27.983917236328125
4.7056043336819515,5.323854973081185,17.519683837890625,27.033355712890625
4.3817608803128785,4.7569180968146645,17.519683837890625,26.082916259765625
4.16309776645047,4.256719569186973,17.519683837890625,25.129547119140625
3.8663280448393764,3.6163807700734534,17.519805908203125,24.178985595703125
3.618136539847241,3.010529763418951,17.519805908203125,23.228546142578125
3.3582051245991353,2.4824732013047184,17.519805908203125,22.275177001953125
2.5807106227646575,1.9560549841614723,17.519805908203125,21.324737548828125
2.8603082570411917,1.3663705606019199,17.519683837890625,20.374176025390625
2.617337865958159,0.8767837023743645,17.519683837890625,19.420806884765625
2.2841380695949836,0.22690808650409047,17.519805908203125,18.470367431640625
2.0532697726021145,-0.3066349435305958,17.519805908203125,17.519805908203125
1.7931754577061616,-0.8234881098950685,17.519805908203125,16.566436767578125
1.627255227997837,-1.426834248196768,17.519805908203125,15.615997314453125
1.3130329031311494,-1.966536987096857,17.519805908203125,14.665435791015625
0.9590310608053173,-2.614312072803789,17.519805908203125,13.712066650390625
0.7259357433012473,-3.1524997621602378,17.519805908203125,12.761627197265625
0.5081772405930672,-3.717299262762114,17.519805908203125,11.811065673828125
0.26166098233793594,-4.333928305499118,17.519805908203125,10.857696533203125
0.0014179598675538552,-4.876938493117274,17.519805908203125,9.907257080078125
-0.2848921407123053,-5.484891168826002,17.519805908203125,8.956695556640625
-0.5899626930890283,-5.953530605133372,17.519805908203125,8.003326416015625
-0.7862358598195462,-6.61362873134376,17.519927978515625,7.052886962890625
-1.0698548314593124,-7.231150034451743,17.519805908203125,6.102447509765625
-1.3161886166106318,-7.728420636801817,17.519805908203125,5.148956298828125
-1.636761876709542,-8.354814139125718,17.519805908203125,4.198516845703125
-1.8552482597993467,-8.967603320097956,17.519805908203125,3.247955322265625
-2.0857047532691215,-9.48916540039282,17.519805908203125,2.294586181640625
-2.3474145682134515,-10.105929850945296,17.519927978515625,1.344268798828125
-2.6702887025792417,-10.802714063048624,17.519927978515625,0.393707275390625
4.953116920727256,6.991456819457027,16.566436767578125,28.937042236328125
4.634978015474714,6.335760469305234,16.566314697265625,27.983917236328125
4.45789542764425,5.8760810413401465,16.566436767578125,27.033355712890625
4.185914267674398,4.813653170911037,16.566436767578125,26.082794189453125
3.8847301585199245,4.687172393180943,16.566436767578125,25.129425048828125
3.6628770914180744,4.184144410893121,16.566436767578125,24.178985595703125
3.3703991276919854,3.522867016670557,16.566436767578125,23.228546142578125
3.16744557759457,3.1054174982235905,16.566314697265625,22.275177001953125
2.8867675122410663,2.459159614840834,16.566436767578125,21.324615478515625
2.645560925618366,1.9950515084825786,16.566436767578125,20.374176025390625
2.367171474373976,1.3892165263826743,16.566436767578125,19.420806884765625
2.056745459675923,0.8324841525673008,16.566436767578125,18.470367431640625
1.8802318106182858,0.2752726587001755,16.566436767578125,17.519805908203125
1.544497191988114,-0.33074305685659333,16.566436767578125,16.566436767578125
1.3037952596921836,-0.8902002663792554,16.566436767578125,15.615997314453125
1.0710894658614338,-1.502007048556016,16.566436767578125,14.665435791015625
0.7913020681718826,-1.9809535741376088,16.566436767578125,13.712066650390625
-0.0520840209116592,-2.6395478467899305,16.566436767578125,12.761627197265625
0.30185510511098534,-3.118065386169258,16.566436767578125,11.811065673828125
-0.012277383955277893,-3.715531373480275,16.566436767578125,10.857818603515625
-0.24413374975952887,-4.335569058979022,16.566558837890625,9.907257080078125
-0.5408210340825464,-4.898944191205754,16.566436767578125,8.956695556640625
-0.8298552091898244,-5.472805012745634,16.566436767578125,8.003448486328125
-1.0551547027756822,-5.987519578613313,16.566436767578125,7.052886962890625
-1.330202640884234,-6.678758782613745,16.566558837890625,6.102325439453125
-1.6083805692774162,-7.323182120560261,16.566558837890625,5.148956298828125
-1.8331686947337706,-7.729632532447424,16.566436767578125,4.198516845703125
-2.1506218515233777,-8.413889665926366,16.566558837890625,3.247955322265625
-2.393365413969173,-8.996238870555375,16.566558837890625,2.294586181640625
-2.671891210487981,-9.60041945259512,16.566558837890625,1.344146728515625
-2.9124582642708905,-10.251332273110759,16.566436767578125,0.393707275390625
4.649450479303252,7.52484500580847,15.615997314453125,28.937042236328125
4.336852540317843,7.018848056861112,15.615875244140625,27.983917236328125
4.134179154594357,6.530962991287649,15.615875244140625,27.033477783203125
3.887596606210415,6.02161068116433,15.615875244140625,26.082916259765625
3.642233263166847,5.4294619720596735,15.615875244140625,25.129547119140625
3.4017443176722493,4.863388903003524,15.615875244140625,24.179107666015625
3.154585459281136,4.373959543798724,15.615875244140625,23.228546142578125
2.8239463926379242,3.733533849002633,15.615875244140625,22.275177001953125
2.642595840523528,3.2149796386891523,15.615875244140625,21.324737548828125
2.322691781621481,2.6161802952680624,15.615875244140625,20.374053955078125
2.15343137163591,2.1455433107977657,15.615875244140625,19.420806884765625
1.848227450457229,1.5128078131539715,15.615875244140625,18.470245361328125
1.5408339671488067,0.971210444736322,15.615875244140625,17.519805908203125
1.252475646219286,0.3795789387183813,15.615875244140625,16.566436767578125
1.109565669393289,-0.17271100325661332,15.615875244140625,15.615997314453125
0.8209016702026226,-0.7185074915118842,15.615875244140625,14.665435791015625
0.47280363953297344,-1.2620276293921544,15.615875244140625,13.712188720703125
0.31210823140730154,-1.8132614094340043,15.615875244140625,12.761627197265625
0.04079996012671875,-2.46520400973257,15.615997314453125,11.811065673828125
-0.252573940924915,-3.1344510677160886,15.615997314453125,10.857696533203125
-0.49105854053200754,-3.6783970426117936,15.615997314453125,9.907257080078125
-0.7616193973931004,-4.22357757585846,15.615997314453125,8.956695556640625
-1.0825994773259167,-4.739453150619902,15.615997314453125,8.003448486328125
-1.2995983411919219,-5.33260619831125,15.615997314453125,7.052886962890625
-1.531136596451664,-5.970948070776262,15.615997314453125,6.102325439453125
-1.7813726434018882,-6.529749728781753,15.615997314453125,5.149078369140625
-2.0747291483571644,-7.230273357786961,15.615997314453125,4.198516845703125
-2.349032638955898,-7.799090669422768,15.615997314453125,3.247955322265625
-2.5902877198679053,-8.355820782423862,15.615997314453125,2.294586181640625
-2.890968005426028,-8.898054960010894,15.615997314453125,1.344268798828125
-3.1200603567137226,-9.569857428856634,15.615997314453125,0.393707275390625
4.368558075879171,8.517804210833889,14.665557861328125,28.936920166015625
4.099809773851661,8.050341302214944,14.665435791015625,27.983917236328125
3.924246950745517,7.562165131509926,14.665435791015625,27.033355712890625
3.5927660854770753,6.96899418351752,14.665435791015625,26.082916259765625
3.2789920689470162,6.434447380485094,14.665435791015625,25.129547119140625
3.1156856400675466,5.860746861888413,14.665435791015625,24.178985595703125
2.771439990468147,5.210337254735638,14.665313720703125,23.228546142578125
2.5371650723862555,4.7239677008179495,14.665435791015625,22.275177001953125
2.3026335876615676,4.156722004520458,14.665435791015625,21.324737548828125
2.0329819992128986,3.5503206587788934,14.665313720703125,20.374053955078125
1.8602001926209402,3.059196116159146,14.665313720703125,19.420806884765625
1.526966315293331,2.475380431345902,14.665435791015625,18.470367431640625
1.323845471249712,1.9180661031059465,14.665435791015625,17.519805908203125
1.0033059180905104,1.3731172667679639,14.665435791015625,16.566436767578125
0.8094550577333759,0.7751395700184694,14.665435791015625,15.615997314453125
0.5695958350376223,0.25757185105128644,14.665435791015625,14.665435791015625
0.32239376073965864,-0.3923987513187876,14.665435791015625,13.712066650390625
0.025499275043529515,-0.9251396120768557,14.665435791015625,12.761627197265625
-0.13851273436019143,-1.4197953594240917,14.665435791015625,11.811065673828125
-0.4532000707007129,-2.0094508882861626,14.665435791015625,10.857818603515625
-0.7084850313339006,-2.6866982688764134,14.665435791015625,9.907257080078125
-0.972404124323268,-3.211993716834373,14.665435791015625,8.956817626953125
-1.234990936917146,-3.7522677002610747,14.665435791015625,8.003326416015625
-1.5373251001222221,-4.269232244161705,14.665435791015625,7.052886962890625
-1.764986243785848,-4.956315917412937,14.665435791015625,6.102447509765625
-2.00840114194541,-5.504151502838389,14.665557861328125,5.148956298828125
-2.227606204297278,-6.1833767732638965,14.665557861328125,4.198516845703125
-2.6045924110527774,-6.981235413141983,14.665557861328125,3.248077392578125
-2.9142229692445625,-7.5890468258314066,14.665557861328125,2.294708251953125
-3.2196123672588244,-8.230700090143205,14.665557861328125,1.344146728515625
-3.3330621737880906,-8.74833501486023,14.665557861328125,0.393707275390625
4.127476021302449,9.314406157761407,13.712066650390625,28.937042236328125
3.752280679571102,8.70653285225264,13.712066650390625,27.983917236328125
3.5715120501627413,8.168464927515304,13.712066650390625,27.033477783203125
3.325930134217583,7.671587778705825,13.712066650390625,26.082916259765625
3.023666585751572,7.0236281307345765,13.712066650390625,25.129547119140625
2.8618599783670713,6.509381056768107,13.712066650390625,24.178985595703125
2.56311372099595,5.916196613258827,13.712066650390625,23.228546142578125
2.3388724402015937,5.387734791555453,13.712066650390625,22.275177001953125
2.0723624134669256,4.922608795228802,13.712066650390625,21.324737548828125
1.8518256800565425,4.3193460542615805,13.712066650390625,20.374053955078125
1.5885037568293563,3.7656193918683956,13.712066650390625,19.420806884765625
1.2136691100410955,3.1327066835106834,13.712066650390625,18.470367431640625
0.9727193460061391,2.5795687769147073,13.712066650390625,17.519927978515625
0.8478560503361693,2.0660741269562766,13.712066650390625,16.566558837890625
0.5862686395742535,1.5029905299029414,13.712066650390625,15.615997314453125
0.3104417738532067,0.9064266039368758,13.712066650390625,14.665435791015625
0.07502167759990448,0.32015970449365133,13.712066650390625,13.712066650390625
-0.2629973682594055,-0.2751300798664955,13.712066650390625,12.761627197265625
-0.5076481067314709,-1.3166139470831384,13.712066650390625,11.811065673828125
-0.7802271930659981,-1.4560240830740085,13.712066650390625,10.857696533203125
-0.966545331633868,-2.011083272131628,13.712066650390625,9.907257080078125
-1.2973236532558905,-2.5903026520691417,13.712066650390625,8.956695556640625
-1.5586726147920975,-3.172909986188614,13.712066650390625,8.003326416015625
-1.7051145904619813,-3.715258315342192,13.712066650390625,7.052886962890625
-2.05605189672316,-4.254523168476152,13.712066650390625,6.102325439453125
-2.3176761154790957,-4.963105726084077,13.712066650390625,5.148956298828125
-2.531023076953655,-5.4404813393842995,13.712066650390625,4.198516845703125
-2.8199788266636237,-6.169124323332645,13.712066650390625,3.247955322265625
-3.107243979109933,-6.852990830372451,13.712066650390625,2.294708251953125
-3.3409301753785994,-7.5813811775934346,13.712066650390625,1.344146728515625
-3.6211009891882524,-8.285280006226522,13.712188720703125,0.393707275390625
3.795464489387086,9.947804689564192,12.761627197265625,28.937042236328125
3.553858626273282,9.344001460213956,12.761505126953125,27.983917236328125
3.357149416443719,8.747575050832399,12.761505126953125,27.033355712890625
3.048800739282325,8.217590931737073,12.761505126953125,26.082916259765625
2.7365774530243723,7.6076485325021,12.761505126953125,25.129547119140625
2.5898770658889974,7.058195477586523,12.761505126953125,24.179107666015625
2.3280458435718683,6.484196204458632,12.761505126953125,23.228546142578125
2.006735998365963,5.928359708140911,12.761505126953125,22.275177001953125
1.8595014625142665,5.361885212163294,12.761505126953125,21.324737548828125
1.5087504360798443,4.850796601676233,12.761627197265625,20.374053955078125
1.3248499014652044,4.342347596253938,12.761627197265625,19.420806884765625
1.0501614129653818,3.747033853349255,12.761627197265625,18.470367431640625
0.7562991678163938,3.114366518947418,12.761627197265625,17.519927978515625
0.5421826867854339,2.6652147788057157,12.761627197265625,16.566558837890625
0.26461543742451565,1.982009507094537,12.761627197265625,15.615997314453125
0.032565226286124176,1.5277209962625597,12.761627197265625,14.665435791015625
-0.21202768050074844,0.8813111918308713,12.761505126953125,13.712066650390625
-0.4710386903787445,0.3193452893787201,12.761505126953125,12.761627197265625
-0.7440343552809576,-0.25708646183998274,12.761505126953125,11.811065673828125
-0.9537621416951989,-0.8218332151604095,12.761627197265625,10.857818603515625
-1.2306756938652028,-1.4456221087541836,12.761505126953125,9.907257080078125
-1.4855051811431979,-1.9986985327261366,12.761505126953125,8.956695556640625
-1.7578993956732523,-2.5867520781221156,12.761505126953125,8.003326416015625
-2.092425601368564,-3.1072995090001756,12.761505126953125,7.052886962890625
-2.3313912563726586,-3.7090532035164387,12.761627197265625,6.102447509765625
-2.5658947907342395,-4.377445950435967,12.761627197265625,5.149078369140625
-2.8203373085822743,-4.832726194602813,12.761627197265625,4.198516845703125
-3.0822322704044995,-5.584391429951225,12.761627197265625,3.248077392578125
-3.379261481508644,-6.289081645200895,12.761627197265625,2.294586181640625
-3.6108389476238254,-6.785130018340111,12.761627197265625,1.344146728515625
-3.973074986882168,-7.652526389068555,12.761627197265625,0.393707275390625
3.542724665916195,10.388015946364662,11.811065673828125,28.937042236328125
3.2882413133368447,9.877658356000339,11.811065673828125,27.983917236328125
3.055587000542413,9.360694087186797,11.811065673828125,27.033477783203125
2.8413733106603605,8.792090143582561,11.811065673828125,26.082916259765625
2.586953591087543,8.27606673781109,11.811065673828125,25.129425048828125
2.3129945721316876,7.671145179339561,11.811065673828125,24.178985595703125
1.9911512617615719,7.083150373759434,11.811065673828125,23.228546142578125
1.7841453912333998,6.459354887632703,11.811065673828125,22.275177001953125
1.5851294738002621,5.981627538274082,11.811065673828125,21.324737548828125
1.3676244372347157,5.472418732993888,11.811065673828125,20.374053955078125
1.0555658133200603,4.920357548787098,11.811065673828125,19.420806884765625
0.8136677912765626,4.263564064341547,11.811065673828125,18.470367431640625
0.6304996134996554,3.7765833113055787,11.811065673828125,17.519805908203125
0.25401268160456636,3.189870096474887,11.811065673828125,16.566558837890625
0.07583529906073055,2.603184581663582,11.811065673828125,15.615997314453125
-0.27505162349017787,2.0301979902468674,11.811065673828125,14.665435791015625
-0.458690498967836,1.4104362606158989,11.811065673828125,13.712188720703125
-0.8102673384733571,0.8566795761712381,11.811065673828125,12.761627197265625
-0.9755859420003687,0.4144455147209298,11.811065673828125,11.811065673828125
-1.2582900736859786,-0.25744917664830713,11.811065673828125,10.857696533203125
-1.5056466360493566,-0.8038871832151464,11.811065673828125,9.907257080078125
-1.7901215648570143,-1.4363203587646516,11.811065673828125,8.956817626953125
-2.010332831341565,-1.9769349836888217,11.811065673828125,8.003326416015625
-2.301912304937727,-2.5115308079905607,11.811065673828125,7.052886962890625
-2.5480928406855834,-3.0693270240944956,11.811065673828125,6.102447509765625
-2.7930911400627787,-3.671551971119768,11.811065673828125,5.149078369140625
-3.0861812165348512,-4.270131305433816,11.811065673828125,4.198638916015625
-3.3348241428472822,-4.863037543856124,11.811065673828125,3.247955322265625
-3.630639255627068,-5.466295959448792,11.811065673828125,2.294708251953125
-3.9135739032963457,-5.6227148110089455,11.811187744140625,1.344146728515625
-4.117014532582617,-6.464446126907433,11.811187744140625,0.393707275390625
3.3006579164246332,10.967438960739143,10.857696533203125,28.937042236328125
3.0688659454325378,10.429541119205105,10.857696533203125,27.983917236328125
2.84160268646658,9.96199542557306,10.857696533203125,27.033355712890625
2.521257566302191,9.382304985843906,10.857696533203125,26.082916259765625
2.3189690978261557,8.881518589451433,10.857696533203125,25.129547119140625
2.054201867822275,8.292626777333444,10.857696533203125,24.178985595703125
1.7935104213499797,7.64990164295626,10.857696533203125,23.228546142578125
1.5292433717382432,7.149874650900487,10.857696533203125,22.275299072265625
1.3081515626607856,6.583516000281666,10.857696533203125,21.324615478515625
1.04651223685596,6.074159787858445,10.857696533203125,20.374053955078125
0.8295525195234688,5.443505378923913,10.857696533203125,19.420806884765625
0.5251125466099434,4.861250316130174,10.857696533203125,18.470367431640625
0.269585951943188,4.31757314719605,10.857696533203125,17.519927978515625
0.06717183245668117,3.745024218057598,10.857696533203125,16.566558837890625
-0.1894126120970635,3.233155449936821,10.857696533203125,15.615997314453125
-0.40320992289491636,3.230073856741473,10.857696533203125,14.665435791015625
-0.7326806935808922,2.0992650768878205,10.857696533203125,13.712188720703125
-1.0604388461889753,1.5020930961311885,10.857696533203125,12.761627197265625
-1.3154489835270204,0.887930205628156,10.857696533203125,11.811187744140625
-1.488794454989467,0.3883364854405679,10.857696533203125,10.857696533203125
-1.741745732974156,-0.31108983586209144,10.857696533203125,9.907257080078125
-2.0188871532730683,-0.7760083677747396,10.857696533203125,8.956817626953125
-2.2529529161576654,-1.3501733622980328,10.857696533203125,8.003448486328125
-2.5865526970451174,-1.9638020892215677,10.857696533203125,7.052886962890625
-2.790029400011409,-2.5935291609131372,10.857696533203125,6.102447509765625
-3.075550710759139,-3.0727627740185297,10.857696533203125,5.149078369140625
-3.370292817254971,-3.69272646881673,10.857696533203125,4.198516845703125
-3.5868291826703538,-3.7789089074080167,10.857696533203125,3.248077392578125
-3.908156915399431,-4.856337715048682,10.857696533203125,2.294708251953125
-4.118227615307344,-5.496522459927448,10.857696533203125,1.344146728515625
-4.3849335296038054,-6.700238273453426,10.857818603515625,0.393707275390625
3.0912657056744632,11.085311360258048,9.907257080078125,28.937042236328125
2.801299036633234,10.99217394544907,9.907257080078125,27.983917236328125
2.539786677819139,10.591880646597563,9.907257080078125,27.033477783203125
2.3299698785715885,9.984973794045361,9.907257080078125,26.082916259765625
2.0651456967472996,9.374116676825077,9.907257080078125,25.129547119140625
1.7734992010851078,8.87239008650379,9.907135009765625,24.179107666015625
1.5406516572393356,8.27242357291557,9.907257080078125,23.228546142578125
1.276240784602713,7.684919625006554,9.907135009765625,22.275299072265625
1.0670223310346971,7.132404333700146,9.907257080078125,21.324737548828125
0.810351873169634,6.632920794070123,9.907257080078125,20.374176025390625
0.5728039834985146,6.0376491327129855,9.907257080078125,19.420928955078125
0.31683210549160007,5.481884921168689,9.907257080078125,18.470245361328125
-0.012975097968940669,4.893285250166636,9.907257080078125,17.519927978515625
-0.27967173839434784,4.371315625474508,9.907257080078125,16.566558837890625
-0.4278372048068891,3.8169452784791673,9.907257080078125,15.615997314453125
-0.749406056727877,3.3311835559919825,9.907257080078125,14.665435791015625
-1.0558236843957625,2.603324283818543,9.907257080078125,13.712188720703125
-1.293734672010874,2.077151008086109,9.907257080078125,12.761627197265625
-1.5440043638484324,1.5711346138115154,9.907257080078125,11.811187744140625
-1.7984876221954946,0.92744546409481,9.907135009765625,10.857696533203125
-2.068984945200751,0.3792574815949353,9.907257080078125,9.907257080078125
-2.2229412878854258,-0.25659046335062236,9.907257080078125,8.956695556640625
-2.5499273212032922,-0.807721636726539,9.907135009765625,8.003448486328125
-2.820142981284253,-1.3341730553275573,9.907257080078125,7.052886962890625
-3.103055650985363,-2.0075515013376566,9.907135009765625,6.102325439453125
-3.357246534006403,-2.571175553682972,9.907257080078125,5.148956298828125
-3.587601588323032,-3.099823835444002,9.907257080078125,4.198516845703125
-3.8995792017045092,-3.6885317716161747,9.907257080078125,3.248077392578125
-4.118238877313363,-4.32786983004504,9.907257080078125,2.294586181640625
-4.449601750051347,-4.907215906532805,9.907257080078125,1.344146728515625
-4.688245861651999,-5.54247745851358,9.907257080078125,0.393707275390625
2.748941051143859,12.280453438708083,8.956817626953125,28.937042236328125
2.5192609845043092,11.698373224209627,8.956695556640625,27.983917236328125
2.2480326350379607,11.133208709657438,8.956695556640625,27.033477783203125
2.0436053125316698,10.593922375693376,8.956695556640625,26.082916259765625
1.7523763836417203,10.00769244419974,8.956695556640625,25.129425048828125
1.5228811162308658,9.364316993062863,8.956695556640625,24.178985595703125
1.2674306919124927,8.856561296298366,8.956695556640625,23.228546142578125
1.055206256423707,8.36373392813967,8.956695556640625,22.275299072265625
0.8005695465951042,7.753754527665063,8.956695556640625,21.324737548828125
0.5014700634488953,7.201130861401114,8.956695556640625,20.374053955078125
0.30699827408195596,6.641382421409276,8.956695556640625,19.420806884765625
0.045266587731361406,6.036079415499182,8.956695556640625,18.470245361328125
-0.3120558899808758,5.487608112022499,8.956695556640625,17.519805908203125
-0.47750492201955536,4.9866531318563805,8.956695556640625,16.566558837890625
-0.8015360146488757,4.407585425832562,8.956695556640625,15.615997314453125
-1.0183648793477529,3.769745720973586,8.956695556640625,14.665435791015625
-1.2634844143419681,3.2282330823791145,8.956695556640625,13.712188720703125
-1.5513515010291778,2.646482242469248,8.956695556640625,12.761627197265625
-1.7976541197658369,2.1598317820650537,8.956695556640625,11.811187744140625
-1.9975424936158956,1.5284953829604242,8.956695556640625,10.857696533203125
-2.326836058134065,1.0084880316326685,8.956817626953125,9.907257080078125
-2.5852256225946544,0.3737092855374442,8.956817626953125,8.956695556640625
-2.8383362013017606,-0.18890786487482877,8.956817626953125,8.003326416015625
-3.0718606721971615,-0.7369173479077751,8.956817626953125,7.052886962890625
-3.3559498587124392,-1.3646139396934538,8.956695556640625,6.102325439453125
-3.636337691632114,-2.0130177388225574,8.956817626953125,5.148956298828125
-3.9049304677283456,-2.5390235497957043,8.956817626953125,4.198516845703125
-4.199454169673615,-3.13733094970268,8.956695556640625,3.247955322265625
-4.44522729890333,-3.715702683019081,8.956695556640625,2.294708251953125
-4.6716423204889335,-4.32444622158332,8.956695556640625,1.344146728515625
-4.995813749584673,-4.919645378119554,8.956695556640625,0.393707275390625
2.5574541441725573,12.817664881002857,8.003448486328125,28.937042236328125
2.244546855455906,12.26069270620609,8.003326416015625,27.983917236328125
1.981604107637412,11.737211647881255,8.003448486328125,27.033477783203125
1.7999039097763125,11.184057153594297,8.003448486328125,26.082916259765625
1.5833172176152255,10.632656919452215,8.003448486328125,25.129547119140625
1.3089520762781186,10.058717144350624,8.003326416015625,24.178985595703125
1.049608804580541,9.441779540472016,8.003326416015625,23.228546142578125
0.7342915978140785,8.922166586247867,8.003326416015625,22.275177001953125
0.5069970961882156,8.343306263785344,8.003326416015625,21.324737548828125
0.2828895529380639,7.876721911005837,8.003326416015625,20.374176025390625
0.0005941159150444644,7.313019371855403,8.003326416015625,19.420806884765625
-0.2204736554672548,6.644252321911567,8.003326416015625,18.470245361328125
-0.4766811244781509,6.059495784862937,8.003326416015625,17.519927978515625
-0.8142590846836477,5.4818740904282075,8.003326416015625,16.566558837890625
-1.0506167449795063,4.934721975412864,8.003326416015625,15.615997314453125
-1.310225135841526,4.528401719934957,8.003326416015625,14.665435791015625
-1.5010656941003226,3.8695702278216135,8.003448486328125,13.712188720703125
-1.7809095954834318,3.292114800062369,8.003326416015625,12.761627197265625
-2.0504901758741756,2.6256032961313975,8.003326416015625,11.811187744140625
-2.3373041256707383,2.0908924393206836,8.003326416015625,10.857818603515625
-2.567345568682897,1.5981451433196803,8.003448486328125,9.907257080078125
-2.821414482336841,0.980408844841941,8.003326416015625,8.956695556640625
-3.1121581077821645,0.38943108598803594,8.003448486328125,8.003448486328125
-3.3975845856124818,-0.1306970600425422,8.003448486328125,7.052886962890625
-3.6156946537595065,-1.2662689393738373,8.003326416015625,6.102325439453125
-3.9047235047180395,-1.3546525404709024,8.003326416015625,5.148956298828125
-4.115742465048763,-1.9014085630844406,8.003448486328125,4.198516845703125
-4.360174424042211,-2.5569092207665243,8.003326416015625,3.247955322265625
-4.707197360666837,-3.144701019261153,8.003448486328125,2.294708251953125
-4.970072990626663,-3.7186031348172794,8.003326416015625,1.344146728515625
-5.25316479255895,-4.266525697319168,8.003326416015625,0.393707275390625
2.243926447880803,13.384813033115854,7.052886962890625,28.937042236328125
2.0020240970639716,12.838026571295199,7.052886962890625,27.983917236328125
1.729918502479115,12.267555301870129,7.052886962890625,27.033477783203125
1.557195482017551,11.818008228278108,7.052886962890625,26.082916259765625
1.3054444783913814,11.256460586125607,7.052886962890625,25.129425048828125
1.0345502962904811,10.677950235464932,7.052886962890625,24.178985595703125
0.7526926398292076,9.964470170980299,7.052764892578125,23.228546142578125
0.5267674608540673,9.54111764018653,7.052886962890625,22.275177001953125
0.30668929220703633,8.930349029320455,7.052886962890625,21.324737548828125
0.025022584107725218,8.446696157193058,7.052886962890625,20.374053955078125
-0.24241219728397526,7.799182144807239,7.052764892578125,19.420806884765625
0.0347517659553036,7.23838707596783,7.052886962890625,18.470245361328125
-0.8033210988010943,6.645083646455848,7.052886962890625,17.519805908203125
-1.1243924113719805,6.1217245190661025,7.052886962890625,16.566558837890625
-1.1947760504372587,5.554332204773546,7.052886962890625,15.615997314453125
-1.57847936782831,5.008525840280413,7.052886962890625,14.665435791015625
-1.793727130581639,4.457230270274817,7.052886962890625,13.712188720703125
-2.0404487956586466,3.868068005760432,7.052886962890625,12.761627197265625
-2.283454163930211,3.2556051980328817,7.052886962890625,11.811187744140625
-2.6129586199638193,2.6752773313650167,7.052886962890625,10.857818603515625
-2.846195972374036,2.1472252275039136,7.052886962890625,9.907257080078125
-3.1838327716948878,1.5697512988905857,7.052886962890625,8.956817626953125
-3.3713280654161193,0.9818776801804714,7.052886962890625,8.003326416015625
-3.69701967186945,0.39810327982130966,7.052886962890625,7.052886962890625
-3.8644298648843587,-0.15602362658003605,7.052886962890625,6.102325439453125
-4.10974926639473,-0.7313424999129058,7.052886962890625,5.148956298828125
-4.394174893274015,-1.3709823577583424,7.052886962890625,4.198516845703125
-4.673138255217724,-1.9446195775813406,7.052886962890625,3.248077392578125
-4.928667812083467,-2.496500793720715,7.052886962890625,2.294708251953125
-5.225925769599593,-3.1440632874007006,7.052886962890625,1.344146728515625
-5.485598683523799,-3.763022562409678,7.052886962890625,0.393707275390625
2.005177511064727,13.891809695769558,6.102325439453125,28.937042236328125
1.775134189333753,13.483768041819111,6.102325439453125,27.983917236328125
1.4943383363406433,12.91741138758544,6.102447509765625,27.033477783203125
1.302515672792131,12.339972105138427,6.102325439453125,26.082916259765625
1.0431640414519412,11.80936018977398,6.102325439453125,25.129425048828125
0.7742995181559806,11.245422895542834,6.102325439453125,24.178985595703125
0.49667189697116476,10.699405365800711,6.102447509765625,23.228546142578125
0.24288124600936742,10.075279588535665,6.102447509765625,22.275177001953125
-0.016975843232962886,9.5044013390343,6.102447509765625,21.324737548828125
-0.24462380690018531,8.963110991533815,6.102447509765625,20.374053955078125
-0.4896760965791284,8.528990718708654,6.102325439453125,19.420928955078125
-0.790179476278323,7.862106962872144,6.102325439453125,18.470245361328125
-1.0338497571383594,7.246561781078617,6.102325439453125,17.519805908203125
-1.2784107260629254,6.755664845911884,6.102325439453125,16.566558837890625
-1.5330440565918517,6.136926419327121,6.102325439453125,15.615997314453125
-1.7523998621397332,5.6656161903967295,6.102325439453125,14.665557861328125
-2.060497067948022,5.0656598705831435,6.102325439453125,13.712188720703125
-2.3225113718147807,4.4534944432328185,6.102325439453125,12.761627197265625
-2.5749185220695745,3.863260634303327,6.102325439453125,11.811187744140625
-2.843030409984949,3.277745865586725,6.102447509765625,10.857818603515625
-3.007430973935277,2.8033455097008972,6.102447509765625,9.907257080078125
-3.3453186011774267,2.245172706992804,6.102325439453125,8.956695556640625
-3.682362587067686,1.6049807978224884,6.102325439453125,8.003448486328125
-3.9793459528471002,1.0618059992156945,6.102325439453125,7.052886962890625
-4.1367576698463,0.4616649172670044,6.102325439453125,6.102447509765625
-4.453532294142402,-0.14497662041258,6.102447509765625,5.149078369140625
-4.697700404403177,-0.8204070803967926,6.102325439453125,4.198516845703125
-4.956337807140307,-1.4045445503802358,6.102447509765625,3.248077392578125
-5.155610390967898,-1.8702492111782847,6.102447509765625,2.294708251953125
-5.4850449746239445,-2.5490827372559743,6.102325439453125,1.344268798828125
-5.736265275703618,-3.14440272320544,6.102325439453125,0.393707275390625
1.7603540742880597,14.634047208239496,5.149078369140625,28.937042236328125
1.4746878765404843,14.02140864205589,5.148956298828125,27.983917236328125
1.2545760473436394,13.52613685825196,5.149078369140625,27.033477783203125
1.0064726951040908,12.893082437437442,5.148956298828125,26.082916259765625
0.7753462013354017,12.474534507118596,5.149078369140625,25.129425048828125
0.5050211270237976,11.883280735949974,5.148956298828125,24.178985595703125
0.20209021269255903,11.261217268933052,5.148956298828125,23.228546142578125
-0.016626886148863117,10.616417423109977,5.148956298828125,22.275177001953125
-0.2426325081829442,10.17676960342437,5.148956298828125,21.324737548828125
-0.5586017227139056,9.550763890462063,5.148956298828125,20.374053955078125
-0.7627619894374394,9.051152667635035,5.149078369140625,19.420806884765625
-1.036060912449041,8.479340868846133,5.149078369140625,18.470367431640625
-1.283288920539694,7.939188071419963,5.149078369140625,17.519805908203125
-1.5201951377186922,7.255977852419164,5.149078369140625,16.566558837890625
-1.8014587224765257,6.7573368007484325,5.149078369140625,15.615997314453125
-2.080488672833049,6.144816033040018,5.149078369140625,14.665557861328125
-2.286781519270551,5.633355562239272,5.149078369140625,13.712188720703125
-2.58790840823295,5.087032227285316,5.149078369140625,12.761627197265625
-2.8887861418697653,4.539078191535086,5.148956298828125,11.811187744140625
-3.1123690267471713,3.8863307031563705,5.148956298828125,10.857818603515625
-3.3283779299527896,3.36995763109319,5.149078369140625,9.907379150390625
-3.6080150908671382,2.8172795467386638,5.149078369140625,8.956817626953125
-3.903774472040064,2.228862981359644,5.149078369140625,8.003448486328125
-4.163572797154138,1.6607904336993045,5.148956298828125,7.052886962890625
-4.448843577597331,1.0497784859190178,5.149078369140625,6.102325439453125
-4.6456611776360495,0.4730528594121335,5.149078369140625,5.149078369140625
-4.970618646236654,-0.14295633153060486,5.149078369140625,4.198516845703125
-5.239934613857856,-0.7604080356453029,5.149078369140625,3.248077392578125
-5.436630574811715,-1.3144485893150095,5.149078369140625,2.294708251953125
-5.756100909813663,-1.9364123616621662,5.148956298828125,1.344146728515625
-5.999644013845239,-1.9991388285444947,5.149078369140625,0.393707275390625
1.5095540358531088,15.217940943181139,4.198516845703125,28.937042236328125
1.2306778589042577,14.698155420138237,4.198516845703125,27.983917236328125
1.0201005320914014,14.120545627456552,4.198516845703125,27.033355712890625
0.7393750347853273,13.558231863142248,4.198516845703125,26.082916259765625
0.49019058320484715,12.983574222862917,4.198516845703125,25.129425048828125
0.2400247741876256,12.444245732220178,4.198516845703125,24.178985595703125
0.021038383513451657,11.851571777680624,4.198516845703125,23.228546142578125
-0.22784284071079472,11.302955417267011,4.198516845703125,22.275177001953125
-0.5170181435512213,10.712815940533789,4.198516845703125,21.324737548828125
-0.746067752557265,10.258302519778166,4.198516845703125,20.374053955078125
-1.0160212941126345,9.588020415742461,4.198516845703125,19.420928955078125
-1.2989489268444934,9.061467679469422,4.198516845703125,18.470245361328125
-1.518261393296791,8.558833544860816,4.198516845703125,17.519805908203125
-1.77508512570289,7.9439680875108625,4.198516845703125,16.566558837890625
-2.0354466872267687,7.446592417030572,4.198516845703125,15.615997314453125
-2.3000738892688726,6.820258487271842,4.198516845703125,14.665557861328125
-2.591077565312209,6.283977820835305,4.198516845703125,13.712188720703125
-2.7774903878114943,5.664740618039887,4.198516845703125,12.761627197265625
-3.0569223126518703,5.122768977439892,4.198516845703125,11.811187744140625
-3.4223185862483594,4.452115725942601,4.198516845703125,10.857818603515625
-3.6362112964668656,4.006081386525849,4.198516845703125,9.907257080078125
-3.8973132423108585,3.3447337780687905,4.198516845703125,8.956817626953125
-4.153492119031252,2.797867752798308,4.198516845703125,8.003326416015625
-4.4311605465305695,2.284464190535717,4.198516845703125,7.052886962890625
-4.712050375460028,1.6530704497464461,4.198516845703125,6.102325439453125
-4.970280013073642,1.05832894764968,4.198516845703125,5.148956298828125
-5.22500433545645,0.4844773817727011,4.198516845703125,4.198638916015625
-5.468842179264976,-0.15465709948392883,4.198516845703125,3.248077392578125
-5.78873236159589,-0.7254135170856814,4.198516845703125,2.294708251953125
-6.087709664325462,-1.3201299939892055,4.198516845703125,1.344268798828125
-6.269886328763383,-1.9934349594387875,4.198516845703125,0.393585205078125
1.2093567320412992,15.852634966958936,3.247955322265625,28.937042236328125
0.9892043459374998,15.339293306445406,3.247955322265625,27.983917236328125
0.7283555978949212,14.715544402615338,3.248077392578125,27.033477783203125
0.4517277134762606,14.249341897966087,3.247955322265625,26.082916259765625
0.21906597610619283,13.619959305433536,3.248077392578125,25.129425048828125
-0.044749207651061516,13.076596548911082,3.248077392578125,24.178985595703125
-0.2437854834861245,12.494471267397369,3.248077392578125,23.228546142578125
-0.5524355050091709,11.89008689140298,3.247955322265625,22.275177001953125
-0.7751958843543203,11.330645300322313,3.248077392578125,21.324737548828125
-1.0040264925248479,10.869617071076096,3.247955322265625,20.374053955078125
-1.2723572286236895,10.323383643047112,3.248077392578125,19.420806884765625
-1.535184297996009,9.692722792601886,3.248077392578125,18.470245361328125
-1.8211507577261599,9.0826485453173,3.247955322265625,17.519927978515625
-2.065062633909321,8.534172199322898,3.247955322265625,16.566680908203125
-2.2900709077409753,7.889315655431933,3.248077392578125,15.615997314453125
-2.596732044493858,7.4124010537813225,3.247955322265625,14.665557861328125
-2.8629136120637853,6.830258646543362,3.248077392578125,13.712188720703125
-3.0656660413253145,6.244247035663445,3.248077392578125,12.761627197265625
-3.4619128133413857,5.677653981789428,3.247955322265625,11.811187744140625
-3.602901557770413,5.25450180008961,3.248077392578125,10.857818603515625
-3.9216098467966547,3.9846584283621524,3.248077392578125,9.907257080078125
-4.141284309517361,4.039007756084308,3.248077392578125,8.956817626953125
-4.460946154924075,3.3906733193967624,3.248077392578125,8.003448486328125
-4.711483626157415,2.9075075903637573,3.248077392578125,7.052886962890625
-5.028143219122799,2.2060903280213187,3.248077392578125,6.102325439453125
-5.2492380352574175,1.6812670723629566,3.247955322265625,5.149078369140625
-5.484448011512958,1.1208610993405363,3.248077392578125,4.198516845703125
-6.182987209093639,0.5183566668684759,3.247955322265625,3.247955322265625
-6.051288505649823,-0.052002319977843,3.248077392578125,2.294586181640625
-6.281420212051217,-0.7163697455628923,3.247955322265625,1.344146728515625
-6.543767820019682,-1.3035068603521516,3.247955322265625,0.393707275390625
1.0444521039433816,16.402476476129518,2.294586181640625,28.937042236328125
0.7267441593263796,15.895607632776459,2.294708251953125,27.983917236328125
0.5201005420729176,15.387528105407181,2.294708251953125,27.033355712890625
0.27072978175913787,14.788882288529821,2.294708251953125,26.082916259765625
-0.00996375872966765,14.211594325802139,2.294708251953125,25.129425048828125
-0.31508693962002116,13.582057234132213,2.294708251953125,24.178985595703125
-0.46277306185413675,13.059481526692503,2.294708251953125,23.228546142578125
-0.837622146673676,12.52784810535846,2.294708251953125,22.275177001953125
-1.0578399920104982,12.053579219645542,2.294708251953125,21.324737548828125
-1.2431758119654461,11.372459015049525,2.294586181640625,20.374053955078125
-1.4736132522103589,10.867276292496578,2.294708251953125,19.420928955078125
-1.8121398335714354,10.284845622011956,2.294708251953125,18.470245361328125
-2.082883747255182,9.752135985954205,2.294708251953125,17.519927978515625
-2.4040063999495147,9.107255370725806,2.294708251953125,16.566558837890625
-2.607344461832164,8.543229296302437,2.294708251953125,15.615997314453125
-2.8307620311996033,7.999423638071963,2.294586181640625,14.665557861328125
-3.1729020043554494,7.459839629925364,2.294708251953125,13.712188720703125
-3.393701320108299,6.962345747389648,2.294708251953125,12.761627197265625
-3.6757407790773713,6.275166204252164,2.294708251953125,11.811187744140625
-3.7742393200627307,5.7210782786926595,2.294708251953125,10.857818603515625
-4.161010045741713,5.141161623102976,2.294586181640625,9.907257080078125
-4.415788859096649,4.601569515912866,2.294708251953125,8.956695556640625
-4.655035843027746,3.9741679766914144,2.294708251953125,8.003448486328125
-4.8972802972341585,3.4265149909916035,2.294708251953125,7.052886962890625
-5.261641141834617,2.831294244101559,2.294586181640625,6.102325439453125
-5.438445941975051,2.350018821505808,2.294708251953125,5.149078369140625
-5.177293140505371,1.688998882448439,2.294586181640625,4.198516845703125
-6.028263230023234,1.064041086629006,2.294708251953125,3.248077392578125
-6.3229441392424865,0.513426176260348,2.294708251953125,2.294708251953125
-6.590403350835393,-0.0805685263185936,2.294708251953125,1.344268798828125
-6.8411972553241585,-0.7401390346805322,2.294586181640625,0.393707275390625
0.7628499931117094,17.049703329243368,1.344146728515625,28.937042236328125
0.4314888794245741,16.521456078307924,1.344268798828125,27.983917236328125
0.16069099349584653,15.967563417675818,1.344146728515625,27.033477783203125
-0.05983010392229838,15.474428722805145,1.344268798828125,26.082916259765625
-0.31225492619657014,14.85556770499078,1.344146728515625,25.129425048828125
-0.5162235674983822,14.264610414942224,1.344268798828125,24.178985595703125
-0.7564924530432168,13.691554320844205,1.344146728515625,23.228546142578125
-1.0456570546544137,13.180111373605742,1.344146728515625,22.275299072265625
-1.2745321474649598,12.518338089632884,1.344146728515625,21.324737548828125
-1.564829201719065,12.010408702622861,1.344268798828125,20.374053955078125
-1.7857259949749442,11.480656878648045,1.344146728515625,19.420928955078125
-2.0252965461276426,10.832790717750498,1.344146728515625,18.470245361328125
-2.2788704567112443,10.252893715367328,1.344146728515625,17.519805908203125
-2.5395688892207122,9.803227905183261,1.344146728515625,16.566558837890625
-2.7908886799938157,9.230684633228325,1.344146728515625,15.615997314453125
-3.05770499716445,8.692247717509389,1.344146728515625,14.665557861328125
-3.365184526321711,7.951334375255479,1.344146728515625,13.712188720703125
-3.6369292736165644,7.570727674234515,1.344146728515625,12.761627197265625
-3.868914217443093,6.836015398206495,1.344146728515625,11.811187744140625
-4.092069860251346,6.397425166901774,1.344146728515625,10.857818603515625
-4.427214272296953,5.684311189114311,1.344146728515625,9.907257080078125
-4.746960596341068,5.158559141039239,1.344146728515625,8.956817626953125
-4.9918618681766995,4.623120926217236,1.344146728515625,8.003448486328125
-5.232747256325767,4.04307472917834,1.344268798828125,7.052886962890625
-5.567823330923558,3.4335156596703498,1.344146728515625,6.102325439453125
-5.774126514067195,2.882840678167439,1.344146728515625,5.149078369140625
-6.049412091386767,2.2537693554722513,1.344146728515625,4.198638916015625
-6.3033072230540705,1.7074015634775366,1.344268798828125,3.247955322265625
-6.635643888803866,1.1891596645530682,1.344146728515625,2.294586181640625
-6.816733286357669,0.5586739974366876,1.344146728515625,1.344146728515625
-7.107400929014352,-0.07785291448063945,1.344146728515625,0.393585205078125
0.41969270831152977,17.698510352323055,0.393585205078125,28.937042236328125
0.17779212059991495,17.185066837863147,0.393707275390625,27.983917236328125
-0.03713170290791623,16.56321122304932,0.393707275390625,27.033477783203125
-0.2581264023139283,16.042603399340916,0.393707275390625,26.082916259765625
-0.5738369628659339,15.413724998524886,0.393707275390625,25.129547119140625
-0.8132917050096299,14.8409410143233,0.393707275390625,24.178985595703125
-1.0293710972978518,14.168443236699217,0.393585205078125,23.228546142578125
-1.309174003739155,13.700991809949699,0.393707275390625,22.275177001953125
-1.5574797841724426,13.241247497448306,0.393585205078125,21.324737548828125
-1.8010667571696728,12.656031286658362,0.393707275390625,20.374053955078125
-2.0097770810381594,12.085880575304287,0.393585205078125,19.420806884765625
-2.3204008363027184,11.517654147344295,0.393707275390625,18.470245361328125
-2.583023347225453,10.961373670758242,0.393707275390625,17.519805908203125
-2.891214581179465,10.313370343982172,0.393707275390625,16.566558837890625
-3.1538742717515373,9.770047250875876,0.393585205078125,15.615997314453125
-3.402753189429372,9.223788444254316,0.393707275390625,14.665557861328125
-3.6618224094563376,8.718167437310983,0.393707275390625,13.712188720703125
-3.9423555045083187,8.037885271539354,0.393585205078125,12.761627197265625
-4.199931728181207,7.535892111635483,0.393585205078125,11.811187744140625
-4.447199808845468,6.870482275401082,0.393585205078125,10.857818603515625
-4.738645038402862,6.353805904308336,0.393707275390625,9.907257080078125
-4.981792659017618,5.862270465532077,0.393707275390625,8.956817626953125
-5.261145511272573,4.784180746824853,0.393707275390625,8.003448486328125
-5.521387536692625,4.649910930638284,0.393707275390625,7.052886962890625
-5.774161828544527,4.082441908953594,0.393707275390625,6.102447509765625
-6.081138900279694,3.475323622480192,0.393707275390625,5.149078369140625
-6.298739141989814,2.911054121452732,0.393707275390625,4.198516845703125
-6.555943662909869,2.377812490648692,0.393707275390625,3.248077392578125
-6.859931108723895,1.725006385471992,0.393707275390625,2.294708251953125
-7.0952057475464505,1.175687467239534,0.393585205078125,1.344268798828125
-7.323534687887212,0.4886004251952054,0.393707275390625,0.393707275390625
