8.11907778861064,-0.2703034249664008,28.936920166015625,28.937042236328125
7.841319163321734,-0.8466786768762357,28.937042236328125,27.983795166015625
7.620624580549399,-1.389966521591364,28.937042236328125,27.033355712890625
7.329959016663095,-2.012422664475852,28.936920166015625,26.082794189453125
7.087146880728068,-2.543050694465945,28.937042236328125,25.129425048828125
6.8184346006578025,-3.087412622598367,28.936920166015625,24.178985595703125
6.540438753530112,-3.6505570643990763,28.937042236328125,23.228546142578125
6.317446081192112,-4.156076884117252,28.937042236328125,22.275177001953125
6.053296985688178,-4.721056461699197,28.937042236328125,21.324615478515625
5.840777825935945,-5.311526923592633,28.937042236328125,20.374176025390625
5.566009517359177,-5.848674575929334,28.937042236328125,19.420806884765625
5.266169011400304,-6.4662301530869,28.937042236328125,18.470367431640625
5.040266468723654,-7.04793670661251,28.937042236328125,17.519805908203125
4.751868917715592,-7.576290044747925,28.937042236328125,16.566436767578125
4.50095130760965,-8.130254063688579,28.937042236328125,15.615875244140625
4.213105013814886,-8.670099571987251,28.937042236328125,14.665435791015625
4.0037875361185895,-9.295832102697197,28.936920166015625,13.712066650390625
3.7275169680721207,-9.781774746935168,28.937042236328125,12.761505126953125
3.448842638983683,-10.428032067962363,28.937042236328125,11.811065673828125
3.2251122557279372,-11.01662494272951,28.937042236328125,10.857818603515625
2.9250949864920655,-11.545201706621834,28.937042236328125,9.907257080078125
2.6592745978390178,-12.124759389313246,28.937042236328125,8.956817626953125
2.4202732714701374,-12.720653527866363,28.937042236328125,8.003448486328125
2.157801970295932,-13.328008100335326,28.937042236328125,7.053009033203125
1.8688727024583813,-13.863042505851615,28.937042236328125,6.102447509765625
1.6383672717984779,-14.440985777155795,28.937042236328125,5.149078369140625
1.3474066682846642,-14.970593781283025,28.936920166015625,4.198638916015625
1.1259899346212137,-15.641997095921878,28.937042236328125,3.248077392578125
0.8484643411293122,-16.308793885839517,28.937042236328125,2.294708251953125
0.612661102262703,-16.848156496973477,28.937042236328125,1.344268798828125
0.35958467565367647,-17.462824937280164,28.937042236328125,0.393829345703125
1.4867579338883152,-13.803962127678114,27.983673095703125,9.619049072265625
4.251215537276521,-7.730697734712626,27.983795166015625,19.217193603515625
6.8967207779394935,-1.931348335009158,27.983795166015625,27.033233642578125
7.139976086321272,-1.4640154345719143,27.983795166015625,26.082916259765625
6.8619687025060525,-2.0371648136684826,27.983795166015625,25.129425048828125
6.538285744117623,-2.596406793446249,27.983917236328125,24.178985595703125
6.3256137797267735,-3.0921026342519142,27.983795166015625,23.228424072265625
6.073911206399932,-3.6823343377749103,27.983795166015625,22.275177001953125
5.830453158407202,-4.297359768431294,27.983917236328125,21.324615478515625
5.5542405716156145,-4.809218190334106,27.983795166015625,20.374176025390625
5.27476731066456,-5.3543866716150035,27.983795166015625,19.420806884765625
5.0336553797751575,-5.936094437836752,27.983795166015625,18.470245361328125
4.773899094573524,-6.508919229864636,27.983795166015625,17.519805908203125
4.522998560734395,-7.061560162829822,27.983795166015625,16.566436767578125
4.277922613798961,-7.585920815560571,27.983917236328125,15.615875244140625
3.969058355935155,-8.179874877473567,27.983917236328125,14.665435791015625
3.7303211425307845,-8.807298055180585,27.983917236328125,13.712066650390625
3.495651548480587,-9.351581275345936,27.983917236328125,12.761505126953125
3.22004919614858,-9.872821716458207,27.983917236328125,11.811065673828125
2.9678005077340943,-10.486309919922544,27.983795166015625,10.857696533203125
2.7273861492548876,-11.029446619338392,27.983795166015625,9.907257080078125
2.429058458099823,-11.604820271101108,27.983795166015625,8.956817626953125
2.2020510418879864,-12.210615359903244,27.983795166015625,8.003448486328125
1.9104819419191632,-12.80806744297369,27.983917236328125,7.052886962890625
1.6948530192275642,-13.408845476474625,27.983917236328125,6.102447509765625
1.4005142021436272,-13.960938347046689,27.983917236328125,5.149078369140625
1.1254062900806372,-14.51779117853181,27.983917236328125,4.198516845703125
0.8779793583584329,-15.142295754113455,27.983917236328125,3.248077392578125
0.5920424521712558,-15.747971805106307,27.983917236328125,2.294708251953125
0.3468863697884341,-16.294160214579396,27.983795166015625,1.344146728515625
0.13847601384270153,-16.78958459861039,27.983795166015625,0.393707275390625
1.4400264980955393,-12.79244025743675,27.033233642578125,10.171173095703125
4.181669665236044,-6.7080490637132355,27.033233642578125,20.297271728515625
6.759166911721414,-1.0599614570506206,27.033355712890625,27.033233642578125
6.888187802776127,-0.885578647926312,27.033233642578125,26.082916259765625
6.613302233267224,-1.4406875309332083,27.033355712890625,25.129425048828125
6.319804571473069,-2.020359042813401,27.033355712890625,24.178985595703125
6.104423145444787,-2.596368431872977,27.033355712890625,23.228424072265625
5.944653079380515,-3.1226289255316875,27.033355712890625,22.275177001953125
5.553618663693424,-3.6414875579877095,27.033355712890625,21.324615478515625
5.305795263403221,-4.270623738316638,27.033355712890625,20.374176025390625
5.033372966539423,-4.80202985141261,27.033355712890625,19.420806884765625
4.826345299624043,-5.346082717563477,27.033355712890625,18.470245361328125
4.539173450090094,-5.928413242858218,27.033355712890625,17.519805908203125
4.267256125429927,-6.480521148105841,27.033355712890625,16.566436767578125
4.088334890994785,-7.119657746079102,27.033355712890625,15.615875244140625
3.7466678571264174,-7.636382627369963,27.033355712890625,14.665435791015625
3.4715587415937197,-8.160698413802143,27.033355712890625,13.712066650390625
3.2281082311692706,-8.84161515273688,27.033355712890625,12.761505126953125
2.9772032390849126,-9.317129326569688,27.033355712890625,11.811065673828125
2.7313322467062795,-9.907212787728017,27.033355712890625,10.857696533203125
2.454250281607097,-10.456292713557135,27.033355712890625,9.907257080078125
2.173112573785075,-11.070496239941306,27.033355712890625,8.956817626953125
1.9076562518326843,-11.612177777046583,27.033355712890625,8.003448486328125
1.6651339893910844,-12.217271148740144,27.033355712890625,7.052886962890625
1.4321744729159496,-12.83730640979952,27.033355712890625,6.102447509765625
1.1565090113281535,-13.368172666813924,27.033355712890625,5.149078369140625
0.8986857356133618,-13.916692850347882,27.033355712890625,4.198516845703125
0.6078039255143052,-14.586240213366027,27.033355712890625,3.248077392578125
0.3840204699175133,-15.18008075815352,27.033477783203125,2.294708251953125
0.1382400980104155,-15.849746300546203,27.033355712890625,1.344146728515625
-0.13668111321246892,-16.36681481567217,27.033355712890625,0.393707275390625
1.154665853817377,-12.286065849303949,26.082672119140625,9.707550048828125
3.6947090563195184,-6.56809513565008,26.082794189453125,19.302398681640625
6.28764240124848,-0.9592685683371283,26.082794189453125,27.033355712890625
6.580721332242323,-0.3740752306295224,26.082794189453125,26.082794189453125
6.367808036899968,-0.8728880537261454,26.082794189453125,25.129547119140625
6.113129273944549,-1.4838769574258581,26.082916259765625,24.178985595703125
5.872194842616017,-2.0211699367071305,26.082916259765625,23.228546142578125
5.580173159411676,-2.503960545633256,26.082916259765625,22.275177001953125
5.30064862526891,-3.1025346741204163,26.082794189453125,21.324615478515625
5.058964158433333,-3.695855131259669,26.082794189453125,20.374176025390625
4.77390021495238,-4.219561840582506,26.082794189453125,19.420806884765625
4.561746896184191,-4.848447622647218,26.082916259765625,18.470245361328125
4.291317636293231,-5.369047143218246,26.082794189453125,17.519805908203125
4.017402021139505,-5.947358446254937,26.082794189453125,16.566436767578125
3.7709606158245843,-6.513188815896236,26.082916259765625,15.615875244140625
3.5131142329368346,-7.068609230792087,26.082916259765625,14.665435791015625
3.248045059269397,-7.649690298387005,26.082916259765625,13.712066650390625
3.015599622266355,-8.200318105861912,26.082916259765625,12.761627197265625
2.7481593640796844,-8.484712574611816,26.082916259765625,11.811065673828125
2.4667783123238682,-9.355557239082358,26.082916259765625,10.857696533203125
2.593607788422122,-9.93022804833395,26.082916259765625,9.907257080078125
1.9509375623713727,-10.528490001671605,26.082916259765625,8.956817626953125
1.6741917769328207,-11.108307462264106,26.082916259765625,8.003448486328125
1.4286798360031883,-11.67232693578492,26.082916259765625,7.052886962890625
1.1657980008162063,-12.25671485912611,26.082916259765625,6.102447509765625
0.9097633714758815,-12.803371968725928,26.082916259765625,5.149078369140625
0.6429590051992623,-13.413252628595682,26.082916259765625,4.198516845703125
0.37363653870374086,-14.007614361570745,26.082794189453125,3.248077392578125
0.11952407004427731,-14.599788951715306,26.082916259765625,2.294708251953125
-0.12061189331209883,-15.286879590662839,26.082794189453125,1.344146728515625
-0.3562999112697032,-15.812252151573025,26.082916259765625,0.393707275390625
0.7486922616499745,-11.521420862898077,25.129425048828125,10.171295166015625
3.6926108335470795,-5.761612467835153,25.129425048828125,20.312530517578125
6.450142543016327,0.3342957213929647,25.129547119140625,27.033233642578125
6.370020384146707,0.20531683747824037,25.129425048828125,26.082794189453125
6.104508089486296,-0.34908864974431897,25.129425048828125,25.129547119140625
5.563737305869886,-0.9142739181130829,25.129547119140625,24.178985595703125
5.5987241452078775,-1.4354273048205721,25.129547119140625,23.228546142578125
5.36297977966565,-1.9420876967847065,25.129425048828125,22.275177001953125
5.085576981751687,-2.5728514170439762,25.129425048828125,21.324615478515625
4.8855090459182025,-3.093016484287663,25.129425048828125,20.374176025390625
4.587442482181742,-3.7116297411443275,25.129547119140625,19.420928955078125
4.342147821052379,-4.274824599786903,25.129547119140625,18.470245361328125
4.069546662598569,-4.782683908195823,25.129547119140625,17.519805908203125
3.791169924010763,-5.392480485619045,25.129425048828125,16.566436767578125
3.586003551941066,-5.940974848658362,25.129547119140625,15.615875244140625
3.2370020439453664,-6.4840871551211166,25.129547119140625,14.665435791015625
2.9994872803641077,-7.066108305812116,25.129547119140625,13.712188720703125
2.7461879704385184,-7.663901674888491,25.129547119140625,12.761627197265625
2.4831536300327444,-8.23625142313604,25.129425048828125,11.811065673828125
2.2720356308488086,-8.86560409121746,25.129547119140625,10.857696533203125
1.9574130190923138,-9.374461399788771,25.129547119140625,9.907257080078125
1.6764725396101243,-9.86099223669019,25.129547119140625,8.956695556640625
1.448361707102471,-10.475810357819645,25.129425048828125,8.003326416015625
1.1522007970793193,-11.130475451204394,25.129547119140625,7.052886962890625
0.9369818225060568,-11.696873649385834,25.129547119140625,6.102447509765625
0.6654495458665868,-12.252224151272763,25.129547119140625,5.148956298828125
0.41678895733069016,-12.837439355185609,25.129547119140625,4.198516845703125
0.180111992092749,-13.462918921563311,25.129547119140625,3.248077392578125
-0.0515932568004438,-14.032287332014,25.129547119140625,2.294708251953125
-0.3701539951945013,-14.701753902020206,25.129547119140625,1.344146728515625
-0.6201054829807037,-15.250061799812666,25.129547119140625,0.393707275390625
0.6111398921156128,-11.198569249018608,24.178863525390625,9.636505126953125
3.1790462767512944,-5.522877811375102,24.178863525390625,19.766632080078125
5.928432975251156,0.09323051077815926,24.178985595703125,27.033111572265625
6.1236002514089565,0.819059954196407,24.178985595703125,26.082794189453125
5.852292424176889,0.22442377722083057,24.178985595703125,25.129547119140625
5.621557215257052,-0.32894467456823695,24.178985595703125,24.178985595703125
5.362708860840907,-0.87368295241806,24.178985595703125,23.228546142578125
5.120670566506954,-1.447267515080505,24.178985595703125,22.275177001953125
4.799331397734092,-2.0101223053602992,24.178985595703125,21.324615478515625
4.604395429727054,-2.567947931207374,24.178985595703125,20.374176025390625
4.301731694711349,-3.1123929867325413,24.178985595703125,19.420806884765625
4.09453935133556,-3.6692573385758793,24.178985595703125,18.470367431640625
3.79990548228358,-4.2086828425921095,24.178985595703125,17.519805908203125
3.5513398538536545,-4.826501771799158,24.178985595703125,16.566436767578125
3.2886203522759363,-5.40683188920338,24.178985595703125,15.615875244140625
3.06252218871892,-5.944347695021181,24.178985595703125,14.665435791015625
2.745881752999446,-6.529216059551252,24.178985595703125,13.712066650390625
2.522880902055835,-7.0678929965076875,24.178985595703125,12.761627197265625
2.2174280088437106,-7.674550432229399,24.178985595703125,11.811065673828125
1.992237578237229,-8.258603617072675,24.178985595703125,10.857696533203125
1.7215761363393751,-8.678024283582008,24.178985595703125,9.907257080078125
1.4492556194141668,-9.397587894709925,24.178985595703125,8.956817626953125
1.2096981282366703,-9.943797279427823,24.178985595703125,8.003326416015625
0.936852899867564,-10.57353536090787,24.178985595703125,7.052886962890625
0.7122131807267023,-11.096820262978879,24.178985595703125,6.102325439453125
0.392648635809113,-11.68958187305724,24.179107666015625,5.148956298828125
0.1432441706092994,-12.265254731354744,24.178985595703125,4.198516845703125
-0.06925294006493395,-12.877948883432214,24.178985595703125,3.248077392578125
-0.3624194639873208,-13.524711834123075,24.179107666015625,2.294708251953125
-0.5830465622177599,-14.132017056333293,24.178985595703125,1.344268798828125
-0.8758879518759861,-14.673538653478538,24.178985595703125,0.393707275390625
0.50535999981296,-10.51164503145125,23.228424072265625,10.171417236328125
3.65137011243442,-3.4043117038323616,23.228424072265625,21.916900634765625
6.016758572358095,1.6467453017614426,23.228546142578125,27.033233642578125
5.8641874613543035,1.3582660496628802,23.228546142578125,26.082794189453125
5.663579321828658,0.7779408331158513,23.228424072265625,25.129547119140625
5.3502902025651276,0.2383019114114059,23.228424072265625,24.178985595703125
5.101120165260398,-0.3160562644813903,23.228546142578125,23.228546142578125
4.831006657973041,-0.8873769262879669,23.228546142578125,22.275177001953125
4.594522008027907,-1.4432520369666904,23.228546142578125,21.324615478515625
4.351952599570203,-2.0127678798722703,23.228424072265625,20.374176025390625
4.093938842876397,-2.5676078515751297,23.228424072265625,19.420806884765625
3.8262542737928147,-3.085852484125843,23.228424072265625,18.470367431640625
3.5709552046023982,-3.6537008991167697,23.228546142578125,17.519805908203125
3.2797408151358995,-4.234861663309457,23.228546142578125,16.566436767578125
3.11032371272604,-4.846040791535146,23.228546142578125,15.615875244140625
2.7943759210785633,-5.39446584451887,23.228546142578125,14.665435791015625
2.501561822043813,-5.94374167555309,23.228546142578125,13.712188720703125
2.3212338234207213,-6.537553699439375,23.228546142578125,12.761627197265625
2.0062376024967703,-7.086958855735056,23.228546142578125,11.811065673828125
1.7345485201192234,-7.627003661202,23.228546142578125,10.857696533203125
1.4855181940915052,-8.19599994893762,23.228424072265625,9.907257080078125
1.2054897197280074,-8.805370170628,23.228546142578125,8.956695556640625
0.9536687404106835,-9.407841637334963,23.228546142578125,8.003326416015625
0.645610152484675,-9.98840328793443,23.228546142578125,7.052886962890625
0.45939548837743305,-10.530231601457903,23.228424072265625,6.102447509765625
0.1868961527783271,-11.151601078531705,23.228546142578125,5.148956298828125
-0.10481417972341762,-11.681494477935791,23.228546142578125,4.198516845703125
-0.721934743722473,-12.281653002622452,23.228546142578125,3.248077392578125
-0.5761928047598851,-12.910038709689868,23.228546142578125,2.294708251953125
-0.844501853421706,-13.46060220702319,23.228546142578125,1.344146728515625
-1.1251563206771362,-14.123809772540653,23.228546142578125,0.393707275390625
0.23818917221030744,-9.947253764643978,22.275054931640625,10.149566650390625
2.9846851897343063,-4.036767331629449,22.275054931640625,19.741851806640625
5.470950716703057,1.5038498639852294,22.275177001953125,27.033111572265625
5.661664949627735,1.896470600979461,22.275177001953125,26.082794189453125
5.39878625564317,1.337482253420577,22.275177001953125,25.129547119140625
5.115158770053972,0.8187472742205554,22.275054931640625,24.178985595703125
4.875631200011642,0.2013053809384756,22.275177001953125,23.228546142578125
4.627830339450809,-0.2835209441438762,22.275177001953125,22.275177001953125
4.368475629759488,-0.8582378235908605,22.275177001953125,21.324615478515625
4.086368252705528,-1.4720510640447695,22.275177001953125,20.374176025390625
3.8619618387429764,-1.9896204220550504,22.275177001953125,19.420806884765625
3.5837879641020827,-2.570244263514358,22.275177001953125,18.470367431640625
3.322404849735919,-3.117593233367209,22.275177001953125,17.519805908203125
3.1033695918883524,-3.675238454291369,22.275054931640625,16.566436767578125
2.809463474751386,-4.247776561972062,22.275177001953125,15.615875244140625
2.5291947571660325,-4.839742960559784,22.275177001953125,14.665435791015625
2.264162323953277,-5.413887186443296,22.275177001953125,13.712066650390625
2.0093947911401333,-5.9602537367440265,22.275177001953125,12.761627197265625
1.769945658009434,-6.568419525382871,22.275177001953125,11.811065673828125
1.5248805217290449,-7.110064841398828,22.275177001953125,10.857696533203125
1.2169849135207134,-7.6483527976274495,22.275177001953125,9.907257080078125
0.9402476645170019,-8.253785214192156,22.275177001953125,8.956817626953125
0.6800822395530558,-8.843059879626534,22.275177001953125,8.003326416015625
0.4559012535618864,-9.432146863488436,22.275177001953125,7.052886962890625
0.2165329932044804,-10.03522373634829,22.275177001953125,6.102325439453125
-0.06757960110917727,-10.545037033784748,22.275177001953125,5.148956298828125
-0.34430599534206574,-11.138377249557443,22.275177001953125,4.198516845703125
-0.5848465950303486,-11.742858400441332,22.275177001953125,3.248077392578125
-0.8215602659987293,-12.339553262669783,22.275177001953125,2.294708251953125
-1.1387449733471304,-13.00638993820466,22.275177001953125,1.344146728515625
-1.340690991160488,-13.55915000076626,22.275177001953125,0.393707275390625
-0.047502918457382026,-9.356960216815818,21.324493408203125,9.666412353515625
2.790725125894652,-3.069054571026816,21.324615478515625,20.348541259765625
5.365069124914728,2.371664194626842,21.324615478515625,27.033111572265625
5.37916616942499,2.477914044178028,21.324615478515625,26.082916259765625
5.140208368609749,1.9056230454072505,21.324615478515625,25.129547119140625
4.8481042905888385,1.3637384900131868,21.324615478515625,24.178985595703125
4.614269899961039,0.8451790399904162,21.324615478515625,23.228546142578125
4.372626496586748,0.2734320850445368,21.324615478515625,22.275177001953125
4.122377164745723,-0.28786674293123693,21.324615478515625,21.324615478515625
3.872837250639431,-0.9566376773168385,21.324615478515625,20.374176025390625
3.5722512325934397,-1.4155267921982932,21.324615478515625,19.420928955078125
3.3334364856181953,-1.9983752591520902,21.324615478515625,18.470367431640625
3.0563517565800704,-2.552626975576295,21.324615478515625,17.519805908203125
2.800815453886946,-3.1306964324705735,21.324615478515625,16.566436767578125
2.532937335669188,-3.694110015626106,21.324615478515625,15.615875244140625
2.255848852966968,-4.2406937693977635,21.324737548828125,14.665435791015625
2.0486389048459754,-4.78924818416876,21.324615478515625,13.712066650390625
1.7612772859938886,-5.384932152299477,21.324615478515625,12.761505126953125
1.5091439642232238,-5.951292106663352,21.324737548828125,11.811187744140625
1.2884139810937127,-6.497421714654035,21.324615478515625,10.857696533203125
0.9596162166000552,-7.080889809560581,21.324737548828125,9.907257080078125
0.737038811044211,-7.681135298826311,21.324737548828125,8.956695556640625
0.4583050675835612,-8.24194975273242,21.324615478515625,8.003326416015625
0.19354742063118613,-8.835092596190973,21.324615478515625,7.052886962890625
-0.06439958028391367,-9.397323262401432,21.324737548828125,6.102325439453125
-0.34164168180039145,-9.960985805665144,21.324737548828125,5.149078369140625
-0.6184970897450136,-10.288597548315401,21.324615478515625,4.198516845703125
-0.8333997903188448,-11.204240420499277,21.324737548828125,3.248077392578125
-1.1130347848956041,-11.815113126769539,21.324737548828125,2.294708251953125
-1.3559719567204849,-12.395856155879166,21.324737548828125,1.344146728515625
-1.6139863192485184,-13.0087013616677,21.324737548828125,0.393707275390625
-0.479781821869654,-9.572201074703733,20.374053955078125,9.644195556640625
2.3591379186318644,-2.9902448905330226,20.374053955078125,19.771514892578125
4.913312263543182,2.6846002902110686,20.374176025390625,27.033111572265625
5.15087910989174,3.0552745794204776,20.374176025390625,26.082794189453125
4.952813779885932,2.491330604490396,20.374176025390625,25.129547119140625
4.6144181614446325,1.9218800346534886,20.374053955078125,24.178985595703125
4.382802624288428,1.3374495659321681,20.374176025390625,23.228546142578125
4.163833725142734,0.798454904109489,20.374053955078125,22.275177001953125
3.8486744790417506,0.26052042043540086,20.374176025390625,21.324615478515625
3.643674580000355,-0.31021614290377003,20.374176025390625,20.374176025390625
3.326908219445446,-0.8606132589976738,20.374176025390625,19.420806884765625
3.1633595832811,-1.4371260023540158,20.374176025390625,18.470367431640625
2.831578851394501,-1.9859119865160324,20.374176025390625,17.519805908203125
2.575408898627737,-2.6063008159995382,20.374176025390625,16.566558837890625
2.3204200303374494,-3.120422338568333,20.374176025390625,15.615875244140625
2.0572263893654865,-3.694472344018962,20.374176025390625,14.665435791015625
1.7841372595526714,-4.234902612488864,20.374176025390625,13.712066650390625
1.5402605877575268,-4.774895294921851,20.374176025390625,12.761505126953125
1.3380579606706249,-5.398449236961323,20.374176025390625,11.811065673828125
1.0022362332746644,-6.001123052239,20.374176025390625,10.857696533203125
0.7497370466347757,-6.560555033887086,20.374176025390625,9.907257080078125
0.4585419203271843,-7.1408936584992455,20.374176025390625,8.956817626953125
0.22936410559109804,-7.747667241997768,20.374176025390625,8.003326416015625
-0.057677235638323915,-8.243507068522096,20.374176025390625,7.052886962890625
-0.26715815254222286,-8.87772952651918,20.374176025390625,6.102325439453125
-0.5520705357052512,-9.425334755417914,20.374176025390625,5.148956298828125
-0.8511280290874265,-10.017422799889028,20.374176025390625,4.198516845703125
-1.0778353898259025,-10.559220974426028,20.374176025390625,3.248077392578125
-1.3935195124763369,-11.226544426510753,20.374298095703125,2.294708251953125
-1.5962977336272053,-11.891963531847265,20.374176025390625,1.344146728515625
-1.893783796331467,-12.39234295396767,20.374176025390625,0.393707275390625
-0.4155006425307785,-8.067742186496941,19.420684814453125,10.700225830078125
2.2695117407427765,-1.9689488771684551,19.420684814453125,20.294586181640625
4.795327096109104,3.426483263536118,19.420684814453125,27.033111572265625
5.005516096097666,3.6202770249996536,19.420806884765625,26.082794189453125
4.640199033675542,3.0257146839282245,19.420684814453125,25.129547119140625
4.388365042293829,2.4684312846626337,19.420684814453125,24.178985595703125
4.1110515566441155,1.9472574823265236,19.420684814453125,23.228546142578125
3.8804011298657244,1.4057851769831688,19.420684814453125,22.275177001953125
3.611255320131008,0.8332326004564495,19.420806884765625,21.324615478515625
3.367714414265044,0.24576366350519377,19.420806884765625,20.374176025390625
3.0878436427959537,-0.34610138544657076,19.420806884765625,19.420806884765625
2.85543365485601,-0.9536589151767896,19.420806884765625,18.470367431640625
2.5788121595270344,-1.4183517761375244,19.420684814453125,17.519805908203125
2.3208904425535577,-2.0037127560819075,19.420806884765625,16.566436767578125
2.065041538124386,-2.586653869670647,19.420806884765625,15.615875244140625
1.802388821696718,-3.15002379798469,19.420806884765625,14.665435791015625
1.5128336386701358,-3.6983942684254956,19.420806884765625,13.712066650390625
1.3488720112339907,-4.272673603266804,19.420806884765625,12.761627197265625
0.9813547922474744,-4.822668899669829,19.420806884765625,11.811065673828125
0.7580878339756608,-5.4514282745623595,19.420806884765625,10.857696533203125
0.4739244320807736,-6.000653911820209,19.420806884765625,9.907257080078125
0.2211056023517675,-6.588968295411178,19.420806884765625,8.956817626953125
-0.04242773059990434,-7.152094666843958,19.420806884765625,8.003448486328125
-0.27779342518463546,-7.653547661545277,19.420806884765625,7.052886962890625
-0.5471742939891429,-8.298239335155593,19.420928955078125,6.102325439453125
-0.8160943650696318,-8.92302511121337,19.420806884765625,5.148956298828125
-1.0760127717760397,-9.45000218638944,19.420806884765625,4.198638916015625
-1.3336936348581365,-10.091699391771433,19.420806884765625,3.248077392578125
-1.596913011324344,-10.691757978800899,19.420928955078125,2.294708251953125
-1.872826011243733,-11.28907849998912,19.420928955078125,1.344146728515625
-2.169399300599724,-11.87818387867815,19.420806884765625,0.393707275390625
-0.8283603253161926,-7.848932223315635,18.470123291015625,9.649322509765625
1.9237715208380481,-1.851004527508809,18.470123291015625,19.855987548828125
4.56828638924769,3.8090314962483216,18.470123291015625,27.033233642578125
4.628954091405693,4.176503503720035,18.470245361328125,26.082916259765625
4.424787901582068,3.5955056828285157,18.470367431640625,25.129547119140625
4.129495083654377,3.092417259314559,18.470245361328125,24.178985595703125
3.881520031809205,2.527125587963123,18.470245361328125,23.228546142578125
3.6106045237879467,1.9552443414861593,18.470245361328125,22.275177001953125
3.3775072455880304,1.424640509656531,18.470245361328125,21.324615478515625
3.1335671479461236,0.8444684185949982,18.470367431640625,20.374176025390625
2.855850602564725,0.25476224268348774,18.470367431640625,19.420806884765625
2.6047171449873745,-0.29320841703880235,18.470367431640625,18.470367431640625
2.324989317808662,-0.8834889051538324,18.470367431640625,17.519805908203125
2.075618398519427,-1.4233261465186309,18.470367431640625,16.566436767578125
1.8260499129141528,-2.013213348096348,18.470367431640625,15.615875244140625
1.55130808274548,-2.630105523798529,18.470367431640625,14.665435791015625
1.3893705105857554,-3.1235648827910243,18.470367431640625,13.712066650390625
1.046953035269388,-3.6657775259581897,18.470367431640625,12.761627197265625
0.7765667803199842,-4.223280730111995,18.470367431640625,11.811065673828125
0.5392188628493683,-4.8705559748829765,18.470367431640625,10.857696533203125
0.23305584356941567,-5.425545932475105,18.470367431640625,9.907257080078125
-0.0182309903328741,-6.008376510525096,18.470367431640625,8.956695556640625
-0.3016263396379456,-6.519789461286472,18.470367431640625,8.003448486328125
-0.5416397783477629,-7.158835098579238,18.470367431640625,7.052886962890625
-0.7948172739094378,-7.748119037526404,18.470367431640625,6.102447509765625
-1.0806479860137341,-8.333741819061835,18.470367431640625,5.148956298828125
-1.340436330162827,-8.910807411711072,18.470367431640625,4.198516845703125
-1.6242553326656035,-9.511427075891966,18.470367431640625,3.248077392578125
-1.8557224254794842,-10.060946392105588,18.470367431640625,2.294586181640625
-2.1179959998312428,-10.71622140929318,18.470367431640625,1.344146728515625
-2.400542888489076,-11.296759649405681,18.470367431640625,0.393707275390625
-1.2836533153312149,-7.701112033820408,17.519683837890625,9.093414306640625
1.4747805758999535,-1.5336272652662184,17.519683837890625,19.214996337890625
4.109550588217146,4.099826586352552,17.519561767578125,27.033843994140625
4.396818322902599,4.747361092887395,17.519805908203125,26.082916259765625
4.154660295194758,4.1929248434787425,17.519805908203125,25.129547119140625
3.8636557636510958,3.6061015073973,17.519805908203125,24.179107666015625
3.6304609830257197,3.096977058068527,17.519683837890625,23.228546142578125
3.3822549434497455,2.502295287471621,17.519805908203125,22.275177001953125
3.140628716984888,1.9305086055234766,17.519805908203125,21.324615478515625
2.865010280468323,1.428096649692754,17.519805908203125,20.374176025390625
2.5938418878382876,0.8520507238398505,17.519805908203125,19.420806884765625
2.3646003943634684,0.2945142073330843,17.519805908203125,18.470367431640625
2.0981789311785684,-0.30448271207512284,17.519805908203125,17.519805908203125
1.848506232635721,-0.8427690908743053,17.519805908203125,16.566436767578125
1.566531277287819,-1.4381503292496418,17.519805908203125,15.615875244140625
1.3337156252282718,-1.9850414062113553,17.519805908203125,14.665435791015625
1.0721850831885176,-2.602684001523254,17.519805908203125,13.712066650390625
0.7920890809977231,-3.1242845944930107,17.519683837890625,12.761505126953125
0.526086911010158,-3.6793374654670465,17.519927978515625,11.811065673828125
0.25412924567725736,-4.28460737245182,17.519805908203125,10.857818603515625
0.008680145327413055,-4.8759084407508375,17.519805908203125,9.907257080078125
-0.28901281267422696,-5.410611446922725,17.519927978515625,8.956695556640625
-0.5396754915242499,-6.0143539531607235,17.519805908203125,8.003448486328125
-0.7712645185090252,-6.593866547267083,17.519927978515625,7.052886962890625
-1.0516593785234698,-7.196416065415903,17.519805908203125,6.102325439453125
-1.3255671353590677,-7.707801251579243,17.519927978515625,5.148956298828125
-1.5779991067752728,-8.302152249647682,17.519927978515625,4.198516845703125
-1.829251339385933,-8.916031064485892,17.519927978515625,3.247955322265625
-2.1299677496150027,-9.54301469741614,17.519805908203125,2.294586181640625
-2.3680946262733507,-10.131860903768777,17.519927978515625,1.344146728515625
-2.6176577326493624,-10.690346047353211,17.519927978515625,0.393707275390625
-1.4669657150682087,-7.015530790888255,16.566314697265625,9.626739501953125
1.3314194481777197,-0.8062850017423974,16.566436767578125,19.210235595703125
3.8585487196589896,4.7931650669722305,16.566314697265625,27.033355712890625
4.132002679175777,5.383480711168475,16.566436767578125,26.082916259765625
3.918344367620893,4.767832029178595,16.566436767578125,25.129547119140625
3.639359688944337,4.176235639371292,16.566314697265625,24.179107666015625
3.3514158054956638,3.6049235015847714,16.566314697265625,23.228546142578125
3.098606630016797,3.1325212514989214,16.566436767578125,22.275177001953125
2.8760163800905536,2.5354106140400323,16.566436767578125,21.324615478515625
2.633311595278488,2.0370963621666087,16.566436767578125,20.374176025390625
2.367418088569797,1.4541618169229267,16.566436767578125,19.420806884765625
2.096517553343202,0.86430028538288,16.566436767578125,18.470367431640625
1.810330979953899,0.3499046552839521,16.566436767578125,17.519805908203125
1.5609455984242273,-0.25202029877680876,16.566436767578125,16.566436767578125
1.2645119803813254,-0.8200583400111918,16.566436767578125,15.615875244140625
1.0587063823426885,-1.4049107263126046,16.566436767578125,14.665435791015625
0.8145030592764751,-2.0000803760393953,16.566436767578125,13.712066650390625
0.5560379517392829,-2.5793624087226537,16.566436767578125,12.761505126953125
0.2797753517012872,-3.1143445888095513,16.566436767578125,11.811065673828125
-0.006668986328534653,-3.6913074542281534,16.566436767578125,10.857696533203125
-0.2673275983352284,-4.270923487725216,16.566558837890625,9.907257080078125
-0.5064156215836825,-4.862644194732426,16.566558837890625,8.956695556640625
-0.7808175675462634,-5.3614027661972505,16.566436767578125,8.003326416015625
-1.0433257282363309,-5.955656859834721,16.566436767578125,7.052886962890625
-1.2677896399753101,-6.63102242556136,16.566558837890625,6.102447509765625
-1.5883862388876435,-7.205656832255651,16.566558837890625,5.148956298828125
-1.8264997058411945,-7.735474625671191,16.566436767578125,4.198516845703125
-2.093158355433814,-8.310962845979596,16.566558837890625,3.247955322265625
-2.367489077731729,-8.957327013403372,16.566558837890625,2.294708251953125
-2.6737151209177683,-9.615071145929246,16.566436767578125,1.344146728515625
-2.9145812181651127,-10.141363200718967,16.566558837890625,0.393585205078125
-1.5524243101326163,-5.977741969729646,15.615875244140625,10.152008056640625
1.1363773492311797,0.0752544493470279,15.615875244140625,19.746612548828125
3.7037352717151735,5.536602612466005,15.615997314453125,27.033233642578125
3.8934191419724247,5.88925042170534,15.615997314453125,26.082916259765625
3.6558087224650206,5.393061496093767,15.615997314453125,25.129547119140625
3.3789253855182677,4.772913712570294,15.615997314453125,24.179107666015625
3.1524230784332694,4.208617655442123,15.615875244140625,23.228546142578125
2.8782395766586513,3.666134501136584,15.615997314453125,22.275177001953125
2.599248417548966,3.116742772373979,15.615997314453125,21.324615478515625
2.3542514964071293,2.53763393192582,15.615997314453125,20.374176025390625
2.1012120400912737,1.98946981264998,15.615875244140625,19.420806884765625
1.8469934665276724,1.4391117429043796,15.615997314453125,18.470367431640625
1.5603705192720885,0.8678298005113165,15.615997314453125,17.519805908203125
1.3151113079894652,0.31770004324593104,15.615875244140625,16.566558837890625
1.0870059035599056,-0.2594000753825597,15.615875244140625,15.615875244140625
0.8226990155122137,-0.8145258172523349,15.615875244140625,14.665435791015625
0.5272236735858105,-1.409676187578892,15.615997314453125,13.712066650390625
0.2836213262092897,-1.965610646672334,15.615997314453125,12.761627197265625
0.011929144902535693,-2.5129795884381974,15.615997314453125,11.811065673828125
-0.2708311344786558,-3.0993837117820444,15.615997314453125,10.857818603515625
-0.49391156949536363,-3.6629380440805988,15.615997314453125,9.907257080078125
-0.7666137815864016,-4.236422119397949,15.615997314453125,8.956817626953125
-1.0467441388236547,-4.875188652929183,15.615997314453125,8.003448486328125
-1.3106039232532243,-5.4633127753427955,15.615997314453125,7.052886962890625
-1.5714318303205035,-5.746045920627113,15.615997314453125,6.102447509765625
-1.8162881879391595,-6.589228853703406,15.615997314453125,5.149078369140625
-2.0731469395817563,-7.1825400141435445,15.615997314453125,4.198516845703125
-2.3530264876666305,-7.765975757704218,15.615997314453125,3.247955322265625
-2.5962859906435014,-8.382469361408143,15.615997314453125,2.294586181640625
-2.8623199117950966,-9.017794621476618,15.615997314453125,1.344146728515625
-3.158783644485032,-9.554832877323141,15.615997314453125,0.393585205078125
-1.85860255357254,-5.507955295714022,14.665313720703125,10.161895751953125
1.0191730185528742,0.8077129431804881,14.665435791015625,20.297027587890625
3.5744418208208675,6.205150595099899,14.665313720703125,27.033233642578125
3.62139270722939,6.636714715641885,14.665435791015625,26.082916259765625
3.3997432611577585,6.026672020502641,14.665313720703125,25.129547119140625
3.1406600212028595,5.490689057649694,14.665435791015625,24.179107666015625
2.8669319367702637,4.919607902354676,14.665435791015625,23.228546142578125
2.6111053286257633,4.394033648624072,14.665435791015625,22.275177001953125
2.3571648905646168,3.8362542833053013,14.665435791015625,21.324615478515625
2.11950210624405,3.2279527203187914,14.665435791015625,20.374176025390625
1.8468134793795292,2.7883763394074847,14.665435791015625,19.420806884765625
1.6030149741595672,2.147912719527875,14.665435791015625,18.470367431640625
1.2984844949788172,1.6184051043734589,14.665435791015625,17.519805908203125
1.0720762566799797,1.0183121469444716,14.665435791015625,16.566558837890625
0.8500616331332387,0.43590126347576086,14.665435791015625,15.615875244140625
0.5404033148452568,-0.12263482109469642,14.665435791015625,14.665557861328125
0.32236793769144434,-0.6700965480744051,14.665435791015625,13.712066650390625
0.06342825554223983,-1.2842408302530575,14.665435791015625,12.761627197265625
-0.20388409676494434,-1.8684390521246592,14.665435791015625,11.811065673828125
-0.762366137212975,-2.4049943376487195,14.665435791015625,10.857696533203125
-0.7515048654257038,-2.9869697093978593,14.665435791015625,9.907257080078125
-1.0187738023286412,-3.631902888230699,14.665435791015625,8.956695556640625
-1.3647853213568655,-4.1788958343678315,14.665435791015625,8.003326416015625
-1.492141844492414,-4.719298031924906,14.665435791015625,7.052886962890625
-1.806857843316796,-5.32196682300073,14.665435791015625,6.102325439453125
-2.0377728914922413,-5.946885889738641,14.665435791015625,5.148956298828125
-2.337971998994312,-6.49590830528164,14.665435791015625,4.198516845703125
-2.640207088546509,-7.108070382098769,14.665557861328125,3.247955322265625
-2.8766790683683325,-7.757685281570536,14.665557861328125,2.294586181640625
-3.1227967106006433,-8.392672080863772,14.665557861328125,1.344146728515625
-3.396753574264303,-8.93289712589155,14.665557861328125,0.393585205078125
-1.932095327881848,-4.478670903657817,13.711944580078125,10.705108642578125
1.3234085418000108,2.47580777806292,13.712066650390625,23.531402587890625
3.6275739573794925,8.382710580742687,13.712066650390625,27.033355712890625
3.3466367252748452,7.522169170978144,13.711944580078125,26.082794189453125
3.169497543542845,6.927303219700597,13.711944580078125,25.129547119140625
2.836377393295706,6.381522852533764,13.711944580078125,24.179107666015625
2.569634214079924,5.840318396789615,13.712066650390625,23.228546142578125
2.3088064921034466,5.28139286614298,13.712066650390625,22.275177001953125
2.0830941197418587,4.720497198862806,13.712066650390625,21.324615478515625
1.8272129771357173,4.176897834062347,13.712066650390625,20.374176025390625
1.5823833064069872,3.5839864952220517,13.712066650390625,19.420928955078125
1.3202474684344196,3.0212145406067776,13.712066650390625,18.470367431640625
1.057640856385532,2.482858357323973,13.712066650390625,17.519805908203125
0.8320986960194364,2.0051192251622947,13.712066650390625,16.566558837890625
0.5739659425424579,1.3497320767928347,13.712066650390625,15.615875244140625
0.2923106124989781,0.7660644397645947,13.712066650390625,14.665557861328125
0.04361675579387404,0.24335904208134268,13.712066650390625,13.712066650390625
-0.22191148360617524,-0.3577720250067719,13.712066650390625,12.761627197265625
-0.413438097811714,-0.9405750698426368,13.712066650390625,11.811065673828125
-0.7351163914044424,-1.52307825393876,13.712066650390625,10.857696533203125
-0.9970259199642157,-2.095645388366853,13.712066650390625,9.907257080078125
-1.2445485392557685,-2.6497901466462674,13.712066650390625,8.956695556640625
-1.4956494393946433,-3.222654565495752,13.712066650390625,8.003326416015625
-1.7641944388244786,-3.843967342735879,13.712066650390625,7.052886962890625
-2.03841479314008,-4.362306144902689,13.712066650390625,6.102447509765625
-2.2849609674466795,-4.93567239242547,13.712188720703125,5.149078369140625
-2.5444673955012878,-5.5751185795304,13.712066650390625,4.198516845703125
-2.807600221299165,-6.2456622046173536,13.712188720703125,3.247955322265625
-3.0844437369394395,-6.964510522585773,13.712188720703125,2.294708251953125
-3.3507394214846813,-7.645404082570765,13.712188720703125,1.344146728515625
-3.6359980699868033,-8.223342372821707,13.712188720703125,0.393585205078125
-1.1890167517603074,-1.6158774363808242,12.761505126953125,22.624053955078125
3.437565273707819,8.954661057282939,12.761627197265625,27.983795166015625
3.32686152812014,8.790790458068502,12.761505126953125,27.033355712890625
3.039529746088611,8.268500805799293,12.761505126953125,26.082794189453125
2.8160529459342665,7.6863997120054215,12.761505126953125,25.129547119140625
2.5648653394880734,7.175030420008346,12.761505126953125,24.179107666015625
2.3147240194215306,6.566888963680465,12.761505126953125,23.228546142578125
2.057913536803241,6.006509032974525,12.761505126953125,22.275177001953125
1.7765168558171462,5.423322160417127,12.761627197265625,21.324615478515625
1.5790091928353298,4.886282416935765,12.761627197265625,20.374176025390625
1.2899424578294785,4.290441505378383,12.761505126953125,19.420928955078125
1.049931024532401,3.760519242555665,12.761627197265625,18.470367431640625
0.7936125037415631,3.277108323820226,12.761505126953125,17.519805908203125
0.5308724463430714,2.6172467745651278,12.761627197265625,16.566558837890625
0.2843662318459929,2.084363408726181,12.761505126953125,15.615875244140625
0.01925985889128651,1.5116828622693819,12.761627197265625,14.665435791015625
-0.17397560483941302,1.0271783296596362,12.761505126953125,13.712066650390625
-0.4708227355496222,0.3484123942791707,12.761627197265625,12.761627197265625
-0.7353828377008749,-0.18181772661910287,12.761627197265625,11.811065673828125
-0.9888685687498762,-0.8600727096074052,12.761627197265625,10.857696533203125
-1.222815690532808,-1.3632713437625772,12.761505126953125,9.907257080078125
-1.49191190777825,-1.9056549126165048,12.761505126953125,8.956695556640625
-1.8020732563681001,-2.5368828269959405,12.761505126953125,8.003448486328125
-2.015759174710017,-3.1475554805037915,12.761505126953125,7.052886962890625
-2.2834216374382788,-3.694017423891632,12.761627197265625,6.102447509765625
-2.5576025274306504,-4.268565294776226,12.761627197265625,5.149078369140625
-2.806231252844541,-4.868284258963767,12.761627197265625,4.198516845703125
-3.190319280019568,-5.4308565416714405,12.761627197265625,3.248077392578125
-3.329316181779496,-6.170529079736203,12.761627197265625,2.294708251953125
-3.595871643187202,-6.850228476535135,12.761627197265625,1.344146728515625
-3.887868746670323,-7.598062370682836,12.761627197265625,0.393707275390625
-2.7625797842474067,-3.9357642294878037,11.810943603515625,9.626373291015625
0.10414711473086107,2.4065714975792063,11.811065673828125,19.749298095703125
2.7150432886540017,8.173192266485533,11.811065673828125,27.033477783203125
2.852429377893022,8.856874036837604,11.811065673828125,26.082794189453125
2.5503776394264617,8.250620989554413,11.811065673828125,25.129547119140625
2.353279692554361,7.690219692637941,11.811065673828125,24.179107666015625
2.0642394552361396,7.138469555731394,11.811065673828125,23.228546142578125
1.7887112162865173,6.630862164157625,11.811065673828125,22.275177001953125
1.5318431693616044,6.020069720167789,11.811065673828125,21.324615478515625
1.3384462624903817,5.492733605389273,11.811065673828125,20.374176025390625
1.0535962419472138,4.899940391000233,11.811065673828125,19.420928955078125
0.7781363973942178,4.336726357526466,11.811065673828125,18.470367431640625
0.5721485667227872,3.7941145862144756,11.811065673828125,17.519927978515625
0.25477224239843455,3.246969195639515,11.811065673828125,16.566558837890625
0.04407777463292427,2.624663326911163,11.811065673828125,15.615875244140625
-0.20390557914238322,2.1145352486679796,11.811065673828125,14.665557861328125
-0.498813327277847,1.5184445455075462,11.811065673828125,13.712188720703125
-0.7031229105421196,0.9593392256405143,11.811065673828125,12.761627197265625
-0.9987848955243838,0.3725488572024107,11.811065673828125,11.811065673828125
-1.2330749646244314,-0.19301843736638197,11.811065673828125,10.857696533203125
-1.4949550941190435,-0.7690736266189233,11.811065673828125,9.907257080078125
-1.7734021252983776,-1.3535167657127884,11.811065673828125,8.956817626953125
-2.0246275601204475,-1.9311877245187192,11.811065673828125,8.003448486328125
-2.3068233927108284,-2.5338978504465572,11.811065673828125,7.052886962890625
-2.5456531676405803,-3.0721326444376524,11.811065673828125,6.102447509765625
-2.822126022701334,-3.677905477704418,11.811065673828125,5.148956298828125
-3.1187288196047356,-4.2395362816676165,11.811065673828125,4.198516845703125
-3.3429779080484745,-4.845802309724419,11.811065673828125,3.247955322265625
-3.5993477857633014,-5.498253580491669,11.811065673828125,2.294586181640625
-3.8459469425781285,-6.161667200783513,11.811065673828125,1.344146728515625
-4.153525078079618,-6.859102139405129,11.811187744140625,0.393707275390625
-2.787180890952865,-2.604787887833441,10.857574462890625,10.168853759765625
-0.005930778456510161,3.173461782970682,10.857574462890625,20.284210205078125
2.449649055145373,8.937889493756863,10.857818603515625,27.033355712890625
2.5566263495593415,9.414377792320222,10.857696533203125,26.082794189453125
2.3192659730148417,8.802014058277676,10.857696533203125,25.129547119140625
2.0668503189493963,8.258653880924445,10.857696533203125,24.179107666015625
1.8261595385080125,7.732791599258521,10.857696533203125,23.228546142578125
1.5729184036390405,7.194009087668628,10.857696533203125,22.275177001953125
1.294183622399925,6.629777113184849,10.857696533203125,21.324615478515625
1.0823986225027709,6.040031513031763,10.857696533203125,20.374053955078125
0.7936077061240967,5.474301516565538,10.857696533203125,19.420928955078125
0.5671078306758464,4.934502252157241,10.857696533203125,18.470367431640625
0.2667283975760595,4.366311667127689,10.857696533203125,17.519927978515625
0.031135804160688306,3.8255576328751637,10.857696533203125,16.566558837890625
-0.20539596529292248,3.257344880584059,10.857696533203125,15.615875244140625
-0.5474888221061124,2.6863779436882185,10.857696533203125,14.665557861328125
-0.731458360973802,2.1215266982597245,10.857696533203125,13.712188720703125
-1.007545439930106,1.5321870446389412,10.857696533203125,12.761627197265625
-1.3415237372669138,0.9837526376246519,10.857696533203125,11.811065673828125
-1.5209847866091735,0.4173992481521216,10.857696533203125,10.857696533203125
-1.778325058357889,-0.19120218548017806,10.857696533203125,9.907257080078125
-2.0497626623003997,-0.7639357580152465,10.857696533203125,8.956695556640625
-2.2697291783674736,-1.345960158112432,10.857696533203125,8.003326416015625
-2.5888676377554756,-1.9585685084797826,10.857696533203125,7.052886962890625
-2.854504732831783,-2.6034467506946948,10.857696533203125,6.102447509765625
-2.9484424377545286,-3.129448951683915,10.857696533203125,5.149078369140625
-3.3004929792931477,-3.6426443350932587,10.857696533203125,4.198516845703125
-3.6055801912040857,-4.021184913417601,10.857696533203125,3.248077392578125
-3.8368230935353402,-4.924750370686376,10.857696533203125,2.294708251953125
-4.143631993912419,-5.481511262272973,10.857818603515625,1.344146728515625
-4.427033012175423,-6.163450055767255,10.857818603515625,0.393707275390625
-3.192565692341933,-2.619814271727547,9.907135009765625,9.621734619140625
-0.3993556130953589,3.4764225310155346,9.907135009765625,19.736846923828125
2.1688781432468978,9.674113043562611,9.907135009765625,27.032989501953125
2.2479456450124675,9.906866871046429,9.907257080078125,26.082916259765625
2.0350345927721456,9.398507114727897,9.907135009765625,25.129547119140625
1.7917294883939034,8.842158609111085,9.907135009765625,24.179107666015625
1.52883438243612,8.31042146447931,9.907257080078125,23.228546142578125
1.3025854182414955,7.752105967024611,9.907257080078125,22.275177001953125
1.051553977253814,7.148715258575913,9.907257080078125,21.324615478515625
0.7821249554546583,6.669595573851936,9.907257080078125,20.374176025390625
0.559093773957359,6.063800627651087,9.907257080078125,19.420928955078125
0.2711986908524557,5.500739165794407,9.907135009765625,18.470367431640625
-0.014221801361894009,4.965383167843859,9.907257080078125,17.519927978515625
-0.21595600957151692,4.3660410602906765,9.907257080078125,16.566558837890625
-0.4367192335248853,3.8278672245239065,9.907257080078125,15.615753173828125
-0.6876291016270447,3.2484223783386117,9.907257080078125,14.665557861328125
-0.9590620734582488,2.731205922567211,9.907257080078125,13.712188720703125
-1.243876091382279,2.106200114182307,9.907257080078125,12.761627197265625
-1.5111490593765378,1.5483621387684483,9.907257080078125,11.811065673828125
-1.7435398773599555,1.0532697935048396,9.907257080078125,10.857696533203125
-2.028202027242945,0.43165713698562547,9.907135009765625,9.907257080078125
-2.291010405788053,-0.18486409187368485,9.907257080078125,8.956695556640625
-2.555391183651593,-0.8984055990343343,9.907257080078125,8.003448486328125
-2.8023192333580242,-1.3660404078526531,9.907257080078125,7.052886962890625
-3.025736273497527,-1.919836629040339,9.907257080078125,6.102325439453125
-3.3363236706666237,-2.365599905642125,9.907257080078125,5.148956298828125
-3.585225419744274,-3.123669044093595,9.907257080078125,4.198516845703125
-3.855336856865028,-3.7534500677499447,9.907257080078125,3.248077392578125
-4.111868138075602,-4.603840218778082,9.907257080078125,2.294708251953125
-4.356028733419944,-4.918584704171422,9.907257080078125,1.344146728515625
-4.623487871749132,-5.577832354762473,9.907257080078125,0.393585205078125
-3.416828722399534,-1.8487501794456032,8.956573486328125,9.639312744140625
-0.7295684232729687,4.220575018885942,8.956573486328125,19.771759033203125
1.8633784093542138,10.262781637109727,8.956695556640625,27.032989501953125
2.0698965718070372,10.53424656721219,8.956695556640625,26.082794189453125
1.8023280268108923,10.018402604738377,8.956695556640625,25.129547119140625
1.518299794330323,9.43035707428669,8.956695556640625,24.179107666015625
1.2674729658629122,8.80873471314135,8.956695556640625,23.228546142578125
1.0586624405576175,8.363333263327439,8.956695556640625,22.275299072265625
0.7642539357437865,7.76188392431655,8.956695556640625,21.324615478515625
0.555417666154996,7.217864939711227,8.956695556640625,20.374176025390625
0.27067054407615426,6.621510826264743,8.956695556640625,19.420928955078125
-0.01804193158195868,6.056222890096157,8.956695556640625,18.470489501953125
-0.2422520644586259,5.542202437626807,8.956695556640625,17.519805908203125
-0.4367481988301424,4.961206032799952,8.956695556640625,16.566558837890625
-0.7437950069205665,4.423642361397136,8.956817626953125,15.615875244140625
-1.005112612348337,3.860405893096799,8.956695556640625,14.665557861328125
-1.2396964687465828,3.2561062459463628,8.956817626953125,13.712188720703125
-1.5062308421759143,2.8514938819570066,8.956817626953125,12.761627197265625
-1.7856345747432403,2.1373124030320025,8.956695556640625,11.811187744140625
-2.03180352914622,1.5737831926682997,8.956695556640625,10.857696533203125
-2.2760836688165855,1.0011271534513366,8.956817626953125,9.907257080078125
-2.5851277420750276,0.40213255533188963,8.956695556640625,8.956695556640625
-2.831764541114665,-0.14245093281942417,8.956817626953125,8.003326416015625
-2.9750763375250884,-0.8364467532154308,8.956817626953125,7.052886962890625
-3.317156380878581,-1.3120250687120407,8.956817626953125,6.102447509765625
-3.5924309894502247,-1.8993321533488614,8.956695556640625,5.148956298828125
-3.8652064731324867,-2.5552299041095288,8.956695556640625,4.198516845703125
-4.1074164497739085,-3.101787991916119,8.956695556640625,3.248077392578125
-4.392491467530796,-3.6686019869200583,8.956695556640625,2.294586181640625
-4.655806905180025,-4.35289130175133,8.956817626953125,1.344146728515625
-4.929426433210805,-4.922701629211529,8.956695556640625,0.393707275390625
-3.54176651269323,-0.7861290354703943,8.003326416015625,10.244537353515625
-0.867836547227536,5.191984709465118,8.003326416015625,19.848052978515625
1.6036927088758608,10.786934212153517,8.003326416015625,27.033111572265625
1.7622459268163717,11.11079684879894,8.003326416015625,26.082794189453125
1.5336319724019527,10.54106652501654,8.003326416015625,25.129547119140625
1.2805360026064918,10.037834426282513,8.003326416015625,24.179107666015625
1.016504687676972,9.501057660099317,8.003326416015625,23.228546142578125
0.8072894341073443,8.95264375216862,8.003448486328125,22.275299072265625
0.5422988237420919,8.365694872647774,8.003448486328125,21.324615478515625
0.2609448637153717,7.801873920369406,8.003326416015625,20.374053955078125
0.03304869457704548,7.250841505921393,8.003448486328125,19.420928955078125
-0.230826453488686,6.671539887385727,8.003326416015625,18.470367431640625
-0.4374246597119471,6.188857231256024,8.003326416015625,17.519805908203125
-0.7671746508926016,5.5610538105222895,8.003326416015625,16.566558837890625
-1.006327583681157,5.056371859765605,8.003448486328125,15.615875244140625
-1.256593277334145,4.424283683899361,8.003326416015625,14.665557861328125
-1.5035538255303011,3.84922943302392,8.003448486328125,13.712188720703125
-1.7927833698669675,3.30500957283219,8.003448486328125,12.761749267578125
-2.0613256474661936,2.7509617361711074,8.003448486328125,11.811187744140625
-2.2660063367256145,2.1651388061793235,8.003448486328125,10.857818603515625
-2.562456741660089,1.6108415239750653,8.003326416015625,9.907257080078125
-2.8381357337140267,1.0473994481082154,8.003448486328125,8.956695556640625
-3.1509275849783163,0.4417245488398012,8.003448486328125,8.003448486328125
-3.3474249114770744,-0.09817783990924688,8.003448486328125,7.052886962890625
-3.6348816259936227,-0.7253957028067186,8.003326416015625,6.102325439453125
-3.9337570895015657,-1.29677719017333,8.003448486328125,5.149078369140625
-4.125737647130854,-1.93635096675348,8.003326416015625,4.198516845703125
-4.430999618404618,-2.4783263090928687,8.003326416015625,3.248077392578125
-4.6731990864792765,-3.1024059158202704,8.003326416015625,2.294708251953125
-4.9343915502066364,-3.724721415131325,8.003326416015625,1.344268798828125
-5.209169268618595,-4.328303899191439,8.003326416015625,0.393707275390625
-3.8775342660970606,0.1152923778993935,7.052886962890625,10.156890869140625
-1.1545705019981538,5.876361854598044,7.052764892578125,19.746856689453125
1.3391508126149623,11.310899859711123,7.052764892578125,27.033355712890625
1.524581566667507,11.741679746054183,7.052764892578125,26.082794189453125
1.2594299047329007,11.194027248130016,7.052886962890625,25.129547119140625
0.9967438460086578,10.656858561953976,7.052886962890625,24.179107666015625
0.7750512010453836,10.103706793619228,7.052886962890625,23.228546142578125
0.22055899595881406,9.513923110668518,7.052764892578125,22.275177001953125
0.2552002528602398,8.974852582341377,7.052886962890625,21.324615478515625
-0.019289661723119366,8.402752566455263,7.052886962890625,20.374176025390625
-0.2454424465991978,7.831263501928915,7.052886962890625,19.420928955078125
-0.5625971507852504,7.338544404936989,7.052886962890625,18.470367431640625
-0.7485796998108617,6.736474390480657,7.052886962890625,17.519805908203125
-1.0074637112671334,6.172706456111316,7.052886962890625,16.566558837890625
-1.2067606831317617,5.637482971881605,7.052886962890625,15.615875244140625
-1.5132331756674204,5.026601320609971,7.052886962890625,14.665557861328125
-1.7957059741069172,4.438822943247796,7.052886962890625,13.712188720703125
-2.0443587430914687,3.89389096137044,7.052886962890625,12.761749267578125
-2.323932243142259,3.3435368690189,7.052886962890625,11.811187744140625
-2.5650407219926223,2.4944196208544867,7.052886962890625,10.857696533203125
-2.8109090295463734,2.1844671888662295,7.052886962890625,9.907257080078125
-3.102446280005442,1.663104834014873,7.052886962890625,8.956817626953125
-3.3360598257264593,1.0277831710241867,7.052886962890625,8.003448486328125
-3.59978786866085,0.42973654018749735,7.052886962890625,7.052886962890625
-3.919458347557027,-0.11247986207249179,7.052886962890625,6.102325439453125
-4.139738835215938,-0.6853060464640262,7.052886962890625,5.148956298828125
-4.392277964880175,-1.2700431916238148,7.052886962890625,4.198516845703125
-4.679450893617531,-1.8951519689368506,7.052886962890625,3.248077392578125
-4.923345493919531,-2.4433725690562387,7.052886962890625,2.294708251953125
-5.200270736507204,-3.1359789829073272,7.052886962890625,1.344146728515625
-5.492756956970382,-3.672345779853983,7.052886962890625,0.393707275390625
-3.7212944283551104,1.3754996882079733,6.102325439453125,11.314483642578125
-0.8804833114910338,7.592979787708332,6.102325439453125,22.002105712890625
1.447718170794263,12.722602351668941,6.102325439453125,27.033111572265625
1.2659065301489003,12.341205070022587,6.102325439453125,26.082794189453125
1.021039746810049,11.798705614665396,6.102325439453125,25.129547119140625
0.7321575948970622,11.282645884680162,6.102325439453125,24.179107666015625
0.4918938591181929,10.63960179779776,6.102325439453125,23.228546142578125
0.2726535968802425,10.135289416040424,6.102325439453125,22.275299072265625
0.028236082632980046,9.547848484742953,6.102325439453125,21.324493408203125
-0.19845041814499734,9.054145748055502,6.102325439453125,20.374176025390625
-0.5691741743449066,8.459436020315986,6.102325439453125,19.420928955078125
-0.7404888124560807,7.8623268321470245,6.102325439453125,18.470367431640625
-1.006071019158439,7.318415545799219,6.102325439453125,17.519927978515625
-1.2676716518093398,6.753305261201734,6.102325439453125,16.566436767578125
-1.5188881851645366,6.294783837666551,6.102325439453125,15.615753173828125
-1.799596445855198,5.641457672059344,6.102325439453125,14.665557861328125
-2.038175766332768,5.046531938684501,6.102325439453125,13.712188720703125
-2.2933553224643073,4.65869452646311,6.102447509765625,12.761749267578125
-2.5604252314885274,3.9719429304190546,6.102325439453125,11.811065673828125
-2.8154086458825933,3.3562006612572644,6.102447509765625,10.857696533203125
-3.0867123580035045,2.8073460106743697,6.102447509765625,9.907257080078125
-3.3436218160595534,2.2184879492549814,6.102325439453125,8.956817626953125
-3.609860949424938,1.6640702016648452,6.102325439453125,8.003326416015625
-4.181387585388389,1.0001617608362638,6.102447509765625,7.052886962890625
-4.145095388136106,0.5025854700633233,6.102447509765625,6.102447509765625
-4.385254261675348,-0.10389752499983557,6.102325439453125,5.149078369140625
-4.65825909711541,-0.7109094632347768,6.102325439453125,4.198516845703125
-4.934524586125796,-1.3182586182117129,6.102447509765625,3.247955322265625
-5.17942243144397,-1.879454436713407,6.102325439453125,2.294708251953125
-5.460006498874683,-2.5357438914741195,6.102325439453125,1.344146728515625
-5.836165814505722,-3.0880023396604273,6.102447509765625,0.393707275390625
-4.419607107509521,1.0826213503350908,5.148956298828125,10.174102783203125
-1.6657995928137646,7.114392565581614,5.148956298828125,20.299224853515625
0.976995053487568,12.939215552124946,5.148956298828125,27.033111572265625
1.035827767752976,12.963380183410637,5.149078369140625,26.082794189453125
0.7777211683503801,12.421050893639336,5.149078369140625,25.129547119140625
0.5740667783151611,11.877221054179236,5.148956298828125,24.179107666015625
0.2526027083842076,11.290564733254714,5.149078369140625,23.228546142578125
-0.006043083952315796,10.761331100852717,5.148956298828125,22.275299072265625
-0.25644404921986597,10.189913396804275,5.148956298828125,21.324493408203125
-0.5344101449889157,9.639060199647842,5.149078369140625,20.374176025390625
-0.7860196833501119,9.335246164845369,5.149078369140625,19.420928955078125
-1.022815815577988,8.49179933541324,5.148956298828125,18.470489501953125
-1.2383577722289547,7.949550427293265,5.149078369140625,17.519927978515625
-1.5530530432066205,7.365008608212148,5.149078369140625,16.566680908203125
-1.7700360137727191,6.814041916966589,5.149078369140625,15.615753173828125
-2.029142092316641,6.247527771592578,5.149078369140625,14.665557861328125
-2.311189923723695,5.645462929092939,5.149078369140625,13.712188720703125
-2.56695534505653,5.104773618933107,5.148956298828125,12.761749267578125
-2.846513221637313,4.546045563893605,5.149078369140625,11.811187744140625
-3.10077802594936,3.9733255243678,5.148956298828125,10.857818603515625
-3.329214955467826,3.409289979892508,5.149078369140625,9.907257080078125
-3.622804447257219,2.8101078323172994,5.149078369140625,8.956817626953125
-3.886363893741853,2.2224887212823092,5.149078369140625,8.003326416015625
-4.155453967853426,1.6374576243921912,5.149078369140625,7.052886962890625
-4.368739151525057,1.0522945738436071,5.149078369140625,6.102447509765625
-4.644474675530742,0.5137535223793164,5.149078369140625,5.148956298828125
-4.95324107267304,-0.0841187725086128,5.148956298828125,4.198516845703125
-5.207880284489326,-0.746126844307192,5.148956298828125,3.248077392578125
-5.483820108688338,-1.2899930830379147,5.149078369140625,2.294586181640625
-5.821718530803086,-1.902165775417218,5.149078369140625,1.344146728515625
-6.06256337248669,-2.4997651587170475,5.149078369140625,0.393707275390625
-4.784236361072562,1.3519484067096585,4.198516845703125,9.626861572265625
-1.8194889251069144,7.793466422637965,4.198516845703125,20.289093017578125
0.6045216296533745,13.526667157690099,4.198394775390625,27.033111572265625
0.7452774967659761,13.559296590555281,4.198516845703125,26.082794189453125
0.5866153832216398,13.009777950504297,4.198516845703125,25.129547119140625
0.23418846663155843,12.474861292484224,4.198516845703125,24.179107666015625
-0.013437347366372488,11.89462824247185,4.198516845703125,23.228546142578125
-0.25754363128514335,11.338550398117382,4.198516845703125,22.275177001953125
-0.5160498650739993,10.768259984361974,4.198516845703125,21.324493408203125
-0.7899091010455883,10.182594825407328,4.198516845703125,20.374053955078125
-1.0468882227293625,9.618472346263202,4.198516845703125,19.420928955078125
-1.24933704804396,9.07561605520122,4.198516845703125,18.470367431640625
-1.5376630175542791,8.542672892051101,4.198516845703125,17.519927978515625
-1.8149110037978908,7.974817699614256,4.198516845703125,16.566558837890625
-2.0708028830035055,7.4270130742374665,4.198516845703125,15.615753173828125
-2.3179426360012725,6.868171639335169,4.198516845703125,14.665557861328125
-2.5672840993061317,6.226733849507402,4.198516845703125,13.712188720703125
-2.8147333495777938,5.755924654977008,4.198516845703125,12.761627197265625
-3.088683373135953,5.155536943625517,4.198516845703125,11.811187744140625
-3.3659675618636795,4.600075085336639,4.198516845703125,10.857818603515625
-3.6268569993293056,4.001092262126775,4.198516845703125,9.907257080078125
-3.8158352172493513,3.3866585001538256,4.198516845703125,8.956817626953125
-4.136784022845654,2.858406174976099,4.198516845703125,8.003448486328125
-4.4325077175007035,2.2897897918766583,4.198516845703125,7.052886962890625
-4.684146196463856,1.6678035986238524,4.198516845703125,6.102447509765625
-4.953438013253704,1.118769230070882,4.198516845703125,5.149078369140625
-5.1843200725481395,0.5325188594793153,4.198516845703125,4.198516845703125
-5.48436300146048,-0.04690243804468386,4.198516845703125,3.248077392578125
-5.772319107325783,-0.6693830490165771,4.198516845703125,2.294586181640625
-6.0415358782418815,-1.2808611961471552,4.198516845703125,1.344268798828125
-6.268714443095223,-1.861357123436345,4.198516845703125,0.393585205078125
-5.008536979823891,2.1732286494269712,3.247955322265625,9.616363525390625
-2.1825757356810467,8.161653022893328,3.247955322265625,19.756988525390625
0.34685456617083343,13.819391232266536,3.247955322265625,27.033111572265625
0.4986578369418266,14.186352365693484,3.247955322265625,26.082794189453125
0.2892211841950742,13.627047090920854,3.248077392578125,25.129547119140625
-0.002168766635246506,13.05579131642816,3.248077392578125,24.178985595703125
-0.24855337437737318,12.606715284511004,3.248077392578125,23.228546142578125
-0.5345632111873397,11.956397944757802,3.247955322265625,22.275299072265625
-0.7272934548495954,11.35312583637814,3.247955322265625,21.324615478515625
-1.010037691854375,10.884776341061945,3.248077392578125,20.374053955078125
-1.4332217226103203,10.302888201396158,3.248077392578125,19.420928955078125
-1.5470679647994983,9.70194503373202,3.248077392578125,18.470367431640625
-1.7874263424141852,9.148772195547082,3.247955322265625,17.519927978515625
-2.0472778355540795,8.554073298862443,3.247955322265625,16.566558837890625
-2.3234840722678465,7.976242331930318,3.247955322265625,15.615753173828125
-2.5575618136475042,7.406367905483015,3.248077392578125,14.665557861328125
-2.8588685450976112,6.8910430853530595,3.247955322265625,13.712188720703125
-3.231478849562745,6.2926358510014655,3.248077392578125,12.761749267578125
-3.3867763869912553,5.7271573280900885,3.247955322265625,11.811187744140625
-3.6135240923589653,5.1731378793185545,3.248077392578125,10.857818603515625
-3.9178975826792755,4.569689803398822,3.248077392578125,9.907257080078125
-4.1024710685966355,4.0332404585618145,3.248077392578125,8.956695556640625
-4.438843981691295,3.476217551271256,3.247955322265625,8.003448486328125
-4.684380701254894,2.877124156544035,3.247955322265625,7.052886962890625
-4.958694461630461,2.285980611004938,3.248077392578125,6.102447509765625
-5.223673690743087,1.7111418230721007,3.248077392578125,5.148956298828125
-5.500709083262436,1.1162291541344327,3.248077392578125,4.198516845703125
-5.705420111679269,0.5556828322343754,3.247955322265625,3.248077392578125
-5.995064409995601,-0.041433017962771074,3.248077392578125,2.294586181640625
-6.28112117872703,-0.6215434178130965,3.247955322265625,1.344146728515625
-6.5529088705717164,-1.2314255176680982,3.247955322265625,0.393707275390625
-5.011656323008239,3.2173654876365774,2.294586181640625,10.702545166015625
-2.30443645315863,9.3080785126053,2.294586181640625,20.289215087890625
0.151280617950619,14.694365501173404,2.294586181640625,27.033111572265625
0.22522683266854815,14.770663046153185,2.294708251953125,26.082794189453125
-0.026395302725699153,14.372513543018517,2.294708251953125,25.129547119140625
-0.25134059508008216,13.662483434125631,2.294708251953125,24.179107666015625
-0.5217055725775619,13.111367416970193,2.294708251953125,23.228546142578125
-0.7677672467809781,12.577718478215488,2.294708251953125,22.275299072265625
-1.0428609440722532,11.971771870239596,2.294708251953125,21.324493408203125
-1.3247329156246634,11.42328609019659,2.294708251953125,20.374053955078125
-1.5313488099061372,10.81300045014315,2.294708251953125,19.420806884765625
-1.7943097907981786,10.262445914721663,2.294708251953125,18.470489501953125
-2.0887061584446713,9.786021772206963,2.294708251953125,17.519805908203125
-2.33397310261684,9.164625609567704,2.294708251953125,16.566558837890625
-2.566367124804931,8.585091305227282,2.294708251953125,15.615753173828125
-2.8689137122333928,8.017164808823168,2.294708251953125,14.665435791015625
-3.129514954798066,7.4790574463219865,2.294708251953125,13.712188720703125
-3.3655826802410314,6.900847714601845,2.294708251953125,12.761749267578125
-3.6551791973553636,6.32770756388349,2.294708251953125,11.811187744140625
-3.8448349633506957,5.791578396563139,2.294708251953125,10.857696533203125
-4.153216007679137,5.2112756079609595,2.294586181640625,9.907257080078125
-4.415431544838408,4.596415943608563,2.294708251953125,8.956817626953125
-4.7045987819444965,4.033286630050258,2.294708251953125,8.003448486328125
-4.923674970654994,3.4485085298571905,2.294586181640625,7.052886962890625
-5.222270259049943,2.878624795860676,2.294708251953125,6.102447509765625
-5.4885224699459325,2.34817428943866,2.294708251953125,5.149078369140625
-5.447763343885474,1.7046176557940007,2.294586181640625,4.198516845703125
-6.026861217712106,1.152240008852812,2.294708251953125,3.248077392578125
-6.3034112285505906,0.5777106115311056,2.294708251953125,2.294708251953125
-6.8289300638338055,-0.06951877952640732,2.294708251953125,1.344268798828125
-6.829957444276692,-0.6252770169555883,2.294708251953125,0.393707275390625
-5.314025134041673,3.836390101777244,1.344146728515625,10.712554931640625
-2.575515368835508,9.734437195220142,1.344024658203125,20.316925048828125
0.19774583758243464,15.096351384457728,1.344024658203125,27.033111572265625
-0.00842539086032301,15.418378259197418,1.344146728515625,26.082794189453125
-0.28810161196730893,14.836965046228643,1.344146728515625,25.129547119140625
-0.49518507709491855,14.39091151106178,1.344146728515625,24.178985595703125
-0.7946479990172232,13.70096829016802,1.344146728515625,23.228546142578125
-1.0385368082154782,13.175840857637278,1.344146728515625,22.275299072265625
-1.2832234043719044,12.587105114544174,1.344146728515625,21.324493408203125
-1.512343194421683,12.044793062249818,1.344146728515625,20.374053955078125
-1.7654845539790367,11.474362707910226,1.344268798828125,19.420928955078125
-2.067923619644992,10.912861742444203,1.344146728515625,18.470367431640625
-2.3005426373271285,10.337884674656074,1.344146728515625,17.519927978515625
-2.5850857857374554,9.764950193677434,1.344146728515625,16.566558837890625
-2.8857330277148905,9.23541589940164,1.344146728515625,15.615753173828125
-3.1463754235286325,8.600695827346874,1.344146728515625,14.665557861328125
-3.3461589204608675,8.088773109033795,1.344146728515625,13.712188720703125
-3.6555927113324067,7.540167347325467,1.344146728515625,12.761749267578125
-3.8522289440596302,6.911210880395366,1.344146728515625,11.811065673828125
-4.1575910748599085,6.392367477075263,1.344146728515625,10.857818603515625
-4.4566644101865585,5.775120491127938,1.344146728515625,9.907257080078125
-4.702317776960153,5.200020835512819,1.344146728515625,8.956695556640625
-4.973496256976838,4.641460693709675,1.344146728515625,8.003448486328125
-5.231996212214561,4.0393447530743565,1.344146728515625,7.052886962890625
-5.459785245268664,3.4681365158386983,1.344146728515625,6.102325439453125
-5.7293250187220535,2.9210933613411165,1.344146728515625,5.148956298828125
-6.034210506970062,2.3496945582090523,1.344268798828125,4.198516845703125
-6.269538676952133,1.7478676361170113,1.344146728515625,3.248077392578125
-6.597416901181731,1.172727314906422,1.344268798828125,2.294586181640625
-6.851530303991071,0.5975314793031743,1.344146728515625,1.344146728515625
-7.093007604965293,0.28739436299429816,1.344146728515625,0.393707275390625
-5.526434876774348,4.49628174914549,0.393707275390625,10.702911376953125
-2.8442400894931037,10.441880451159777,0.393585205078125,20.294219970703125
-0.3707013720398023,15.865036501253744,0.393585205078125,27.033111572265625
-0.2819233901697087,16.005320272347173,0.393707275390625,26.082794189453125
-0.547688347135867,15.466325476235903,0.393707275390625,25.129547119140625
-0.7854658889178504,14.87591552807507,0.393707275390625,24.179107666015625
-1.0369388111713103,14.366430500186356,0.393707275390625,23.228546142578125
-1.2243351301529526,13.756526568337383,0.393707275390625,22.275177001953125
-1.5475792944999247,13.212877235525786,0.393585205078125,21.324615478515625
-1.7746156000618734,12.649731446800342,0.393707275390625,20.374053955078125
-2.0508007677168427,12.066581836187723,0.393707275390625,19.420928955078125
-2.307267921596812,11.52320092230535,0.393585205078125,18.470489501953125
-2.565689428585548,10.992233378494156,0.393585205078125,17.519927978515625
-2.8378146616994333,10.403919008413984,0.393707275390625,16.566558837890625
-3.0736161373491204,9.828739106037062,0.393585205078125,15.615753173828125
-3.4016498336788223,9.343667505098727,0.393707275390625,14.665557861328125
-3.6245578325783154,8.666267857951842,0.393707275390625,13.712188720703125
-3.898022229862924,8.129669415409557,0.393707275390625,12.761749267578125
-4.161177892126051,7.535723228615024,0.393707275390625,11.811065673828125
-4.458151130091087,6.977416401946163,0.393707275390625,10.857818603515625
-4.690546243273898,6.4401747588178,0.393585205078125,9.907257080078125
-4.9886554527879685,5.838477297989865,0.393707275390625,8.956817626953125
-5.245230755862524,5.226119101803899,0.393707275390625,8.003448486328125
-5.489430472348372,4.6845126195995075,0.393707275390625,7.052886962890625
-5.666082768077654,4.117486378660943,0.393585205078125,6.102447509765625
-6.0495185879583655,3.5464415801171008,0.393707275390625,5.148956298828125
-6.308839338895659,2.924766541864117,0.393585205078125,4.198516845703125
-6.519610688018673,2.341042604898016,0.393707275390625,3.248077392578125
-6.834448592195202,1.8670574533390627,0.393707275390625,2.294708251953125
-7.075340999918115,1.200902831914259,0.393707275390625,1.344268798828125
-7.350406003192408,0.6570767503568953,0.393585205078125,0.393707275390625
