8.134143274616806,0.2400709164972552,28.936920166015625,28.936920166015625
7.865367953229997,0.823723325682653,27.983795166015625,28.936920166015625
7.595429671277998,1.3880765344248522,27.033355712890625,28.936920166015625
7.37780158301159,1.9798288852655377,26.082794189453125,28.936920166015625
7.132548587022242,2.4745733070826943,25.129425048828125,28.936920166015625
6.881046232904852,3.03879387589614,24.178985595703125,28.936920166015625
6.605304199031815,3.682688688073987,23.228546142578125,28.937042236328125
6.3540223070596324,4.23656777638539,22.275177001953125,28.936920166015625
6.112495201849784,4.751336065632628,21.324737548828125,28.936920166015625
5.861672153311566,5.303711704347787,20.374176025390625,28.937042236328125
5.625188592122542,5.896966336901841,19.420806884765625,28.936920166015625
5.3948340887774435,6.437638881424995,18.470367431640625,28.937042236328125
5.096744620904039,7.040224182136878,17.519805908203125,28.936920166015625
4.827104543588592,7.614491697097986,16.566436767578125,28.936920166015625
4.540468439021871,8.19957064343192,15.615997314453125,28.937042236328125
4.338216704616145,8.765240637038147,14.665435791015625,28.936920166015625
4.324567951719593,9.347893568910896,13.712066650390625,28.936920166015625
3.8142472035175383,9.932565431313137,12.761627197265625,28.936920166015625
3.5461409682677947,10.507670915841082,11.811065673828125,28.936920166015625
3.277774787605191,11.12533056086186,10.857696533203125,28.936920166015625
3.0407786915357837,11.718360573626564,9.907257080078125,28.937042236328125
2.7652595224486456,12.279597403353707,8.956695556640625,28.936920166015625
2.505953669139934,12.865676170893336,8.003326416015625,28.936920166015625
2.2488622459226018,13.480615898707516,7.052886962890625,28.936920166015625
2.0221147984790577,14.051691671862303,6.102447509765625,28.936920166015625
1.7504311876199468,14.681496577913467,5.149078369140625,28.936920166015625
1.4864198501997954,15.23319856114743,4.198516845703125,28.936920166015625
1.2680115585022986,15.88903586983302,3.248077392578125,28.936920166015625
1.019305364832312,16.50905289909583,2.294708251953125,28.936920166015625
0.7531710209861235,17.1447431664348,1.344268798828125,28.936920166015625
0.4927733134281725,17.77863460192333,0.393707275390625,28.936920166015625
7.816358506006333,-0.2285273791233814,28.936920166015625,27.983795166015625
7.56430281648041,0.33772010414465603,27.983795166015625,27.983795166015625
7.364030612977054,0.8830351893690247,27.033355712890625,27.983795166015625
7.133222237681311,1.4303222650170568,26.082794189453125,27.983795166015625
6.889892368013292,1.9768538817814796,25.129425048828125,27.983795166015625
6.496108985058617,2.551387409440134,24.178985595703125,27.983795166015625
6.383883110414162,3.1191199293508296,23.228546142578125,27.983795166015625
6.1332271428402825,3.709333828157363,22.275299072265625,27.983795166015625
5.905522078732352,4.285190040709228,21.324737548828125,27.983795166015625
5.604896606213325,4.804301853934957,20.374176025390625,27.983795166015625
5.339546048729583,5.285354898445851,19.420806884765625,27.983795166015625
5.132923250767818,5.9540157546965995,18.470245361328125,27.983917236328125
4.85870875888695,6.512166770676107,17.519805908203125,27.983795166015625
4.557987048570622,7.140605342446449,16.566436767578125,27.983795166015625
4.30105206552622,7.705058318642578,15.615875244140625,27.983795166015625
4.0972470117056545,8.265184661759346,14.665435791015625,27.983795166015625
3.8294444480908028,8.795412298182399,13.712066650390625,27.983795166015625
3.5410146122700725,9.387599651139238,12.761505126953125,27.983795166015625
3.3194398162550454,9.986918564719728,11.811065673828125,27.983795166015625
3.056743745629328,10.566963722423349,10.857696533203125,27.983795166015625
2.792835921987811,11.143925598862449,9.907257080078125,27.983917236328125
2.5336814501141363,11.732808444838223,8.956695556640625,27.983795166015625
2.2716349168680123,12.352471455976744,8.003326416015625,27.983795166015625
2.0243635493993857,12.978889290002261,7.052886962890625,27.983795166015625
1.7717591530583165,13.57703887810283,6.102447509765625,27.983795166015625
1.4824270057781126,14.126843939131348,5.149078369140625,27.983795166015625
1.2676481751519224,14.718965817407895,4.198516845703125,27.983795166015625
0.9719864879819029,15.307396915466411,3.248077392578125,27.983795166015625
0.7702160479829464,15.978274108256638,2.294708251953125,27.983795166015625
0.544084626864965,16.61776210997698,1.344268798828125,27.983795166015625
0.2189329853925411,16.880296509890744,0.393707275390625,27.983795166015625
7.628904150622446,-0.6711666145913053,28.936920166015625,27.033355712890625
7.384757512780952,-0.28934812728593046,27.983795166015625,27.033355712890625
7.138935164318343,0.29996182630182944,27.033355712890625,27.033355712890625
6.920749792823136,0.8571699764488915,26.082794189453125,27.033355712890625
6.581469628152384,1.4206071995289578,25.129425048828125,27.033355712890625
6.395730182884689,2.017154894293487,24.178985595703125,27.033355712890625
6.134130798752771,2.5847621280933306,23.228546142578125,27.033355712890625
5.846010214028728,3.1729055560765467,22.275177001953125,27.033355712890625
5.578716893091587,3.7030077673095283,21.324737548828125,27.033355712890625
5.360472080105735,4.260259737994152,20.374053955078125,27.033355712890625
5.0961115670522865,4.804668997748349,19.420928955078125,27.033355712890625
4.837358325542946,5.257179731924904,18.470367431640625,27.033355712890625
4.605185370831731,5.981305902446011,17.519805908203125,27.033355712890625
4.311630842851781,6.548699252030993,16.566436767578125,27.033355712890625
4.062938428440027,7.1323243814792585,15.615875244140625,27.033355712890625
3.840810246584951,7.707610588621753,14.665313720703125,27.033355712890625
3.5617996351501575,8.2821060356818,13.712066650390625,27.033355712890625
3.314185977285297,8.825433515240391,12.761627197265625,27.033355712890625
3.0340655340118596,9.405304468172714,11.811065673828125,27.033233642578125
2.775432910280096,10.032462584307737,10.857696533203125,27.033355712890625
2.5031149214768496,10.592008081267165,9.907257080078125,27.033233642578125
2.300417444078859,11.21462011237728,8.956695556640625,27.033355712890625
2.0528033793089566,11.754816274799154,8.003326416015625,27.033233642578125
1.7875158592925182,12.352291247639009,7.052886962890625,27.033355712890625
1.513499879870389,13.014886041891943,6.102447509765625,27.033355712890625
1.2288877629492634,13.560624293318241,5.149078369140625,27.033355712890625
0.9986391088439297,14.166765133779787,4.198638916015625,27.033355712890625
0.7260598041432462,14.738678784060395,3.248077392578125,27.033233642578125
0.599097700441578,15.32438237886377,2.294708251953125,27.033355712890625
0.2575843341056309,16.028277988987714,1.344268798828125,27.033355712890625
-0.005726144496737554,16.63977009797925,0.393707275390625,27.033355712890625
7.395120247220314,-1.3086293618028824,28.937042236328125,26.082794189453125
7.076281123227711,-0.722401059043042,27.983917236328125,26.082916259765625
6.882311031419951,-0.21981904121211276,27.033355712890625,26.082916259765625
6.94151498461482,0.2917481398985491,26.082916259765625,26.082794189453125
6.390735511391657,0.8579819890020436,25.129425048828125,26.082916259765625
6.139946220945623,1.4406700612330738,24.178985595703125,26.082916259765625
5.869920457528596,2.038009846072825,23.228546142578125,26.082794189453125
5.584762201458544,2.577035922482645,22.275177001953125,26.082794189453125
5.359872162267898,3.1642991930783646,21.324737548828125,26.082794189453125
5.1270490420040336,3.6835335362719746,20.374053955078125,26.082794189453125
4.822816197316104,4.248329354800253,19.420806884765625,26.082794189453125
4.58771373620644,4.852976287141059,18.470245361328125,26.082794189453125
4.348342059659208,5.373270174080551,17.519805908203125,26.082794189453125
4.10830816623371,6.00345354513331,16.566558837890625,26.082794189453125
3.793877059500976,6.572562722730745,15.615875244140625,26.082794189453125
3.583675800571452,7.176425280366543,14.665435791015625,26.082794189453125
3.313096184170316,7.690087784083754,13.712066650390625,26.082794189453125
3.13632936749551,8.27263157237334,12.761627197265625,26.082916259765625
2.813265113269848,8.888207765130902,11.811065673828125,26.082794189453125
2.4954701704779105,9.438588162741718,10.857696533203125,26.082794189453125
2.2922072655171117,10.041521501540005,9.907257080078125,26.082794189453125
2.0112825940027155,10.617076811000105,8.956695556640625,26.082794189453125
1.8064877435587157,11.169107783013768,8.003326416015625,26.082794189453125
1.5324794016542742,11.779339063433863,7.052886962890625,26.082794189453125
1.23436058704188,12.438219826336194,6.102447509765625,26.082794189453125
0.9548500752640536,12.982692780626977,5.149078369140625,26.082794189453125
0.7454066643086407,13.58388592140739,4.198516845703125,26.082794189453125
0.3445059666994933,14.202147339989937,3.247955322265625,26.082794189453125
0.2592890342603829,14.800702649111308,2.294708251953125,26.082794189453125
-0.02274507565872943,15.428036231571497,1.344268798828125,26.082794189453125
-0.3031671203417881,16.015336786910428,0.393707275390625,26.082794189453125
7.140947934752626,-1.8777448331094801,28.936920166015625,25.129425048828125
6.839260946160272,-1.2953074667631774,27.983795166015625,25.129547119140625
6.592861886689445,-0.8344726939633603,27.033355712890625,25.129425048828125
6.372353159791646,-0.2526902277144196,26.082794189453125,25.129425048828125
6.1134364759569255,0.29352981830063296,25.129547119140625,25.129547119140625
5.870816775623696,0.8644794418344676,24.178985595703125,25.129547119140625
5.601250553794514,1.479310177829116,23.228546142578125,25.129547119140625
5.341820260455415,2.0149484144349845,22.275177001953125,25.129425048828125
5.101198258620156,2.606051621656888,21.324737548828125,25.129547119140625
4.8508341462574975,3.1300072191599466,20.374176025390625,25.129425048828125
4.5556905784856925,3.691032347607144,19.420806884765625,25.129425048828125
4.354167332165352,4.262971163914155,18.470245361328125,25.129425048828125
4.350453169946066,4.863830603968951,17.519805908203125,25.129425048828125
3.8216236873568032,5.42462983290581,16.566558837890625,25.129425048828125
3.559315751246427,6.023569899657078,15.615997314453125,25.129425048828125
3.309168491048034,6.5566619979782725,14.665435791015625,25.129547119140625
3.0397370706352898,7.142665747711841,13.712066650390625,25.129425048828125
2.831645212944086,7.714176273322953,12.761627197265625,25.129547119140625
2.5350555505623324,8.337352772958496,11.811065673828125,25.129547119140625
2.2410831670086173,8.846640860252167,10.857696533203125,25.129547119140625
2.0217848544257007,9.484592529467829,9.907257080078125,25.129425048828125
1.7791323392082898,10.025053284151134,8.956695556640625,25.129425048828125
1.527200916392497,10.62586642119108,8.003326416015625,25.129425048828125
1.2496014929474193,11.24113183788443,7.052886962890625,25.129425048828125
1.0038341015029195,11.815904338924952,6.102447509765625,25.129425048828125
0.7141299130326074,12.445531009883883,5.149078369140625,25.129425048828125
0.5650635947469281,13.046523946694498,4.198638916015625,25.129425048828125
0.27162706307011153,13.651717571531162,3.248077392578125,25.129425048828125
-0.013449811873733494,14.259330977417015,2.294708251953125,25.129425048828125
-0.2574140992442866,14.886839796032248,1.344268798828125,25.129425048828125
-0.5471374499129057,15.48104640548741,0.393707275390625,25.129425048828125
6.856740089896803,-2.4695901860520233,28.936920166015625,24.178985595703125
6.524210716991576,-1.9341834608565256,27.983795166015625,24.178985595703125
6.325631892628705,-1.3241401967148327,27.033355712890625,24.178985595703125
6.1510800679621855,-0.7337109963793684,26.082794189453125,24.178985595703125
5.772484329972063,-0.19860895181891988,25.129547119140625,24.178985595703125
5.611160087447462,0.3056359237462108,24.178985595703125,24.178985595703125
5.361800472531689,0.9342264513023804,23.228546142578125,24.179107666015625
5.05428514474945,1.4645309759976968,22.275177001953125,24.178985595703125
4.859824827433429,2.0167576799105906,21.324615478515625,24.178985595703125
4.5977375153814855,2.5532149862241305,20.374176025390625,24.178985595703125
4.311246855473091,3.1605462330661873,19.420806884765625,24.179107666015625
4.0838378596702105,3.7290676631612802,18.470367431640625,24.178985595703125
3.866146303757606,4.280827523273369,17.519805908203125,24.178985595703125
3.578018352546808,4.884515049009609,16.566436767578125,24.178985595703125
3.3143024456701524,5.448767793412437,15.615997314453125,24.178985595703125
3.033551682701559,6.000059658694465,14.665435791015625,24.178985595703125
2.7975640411618015,6.586365157529895,13.712066650390625,24.178985595703125
2.5650809580523597,7.088003383042114,12.761627197265625,24.178985595703125
2.27980168133104,7.776531355988924,11.811065673828125,24.178985595703125
2.032032358781912,8.354027404040714,10.857818603515625,24.178985595703125
1.7584420226927517,9.03993928530335,9.907257080078125,24.178985595703125
1.5227459200972082,9.484957222405516,8.956695556640625,24.178985595703125
1.244437553817424,10.08329345805659,8.003448486328125,24.178985595703125
1.0030384710262776,10.684724555654707,7.052886962890625,24.178985595703125
0.7334538248132978,11.267694828084121,6.102325439453125,24.178985595703125
0.3042572176179785,11.875236197174152,5.149078369140625,24.178985595703125
0.21909360289948132,12.511901862866438,4.198516845703125,24.178985595703125
0.0027797204419355735,13.079332125923573,3.247955322265625,24.178985595703125
-0.256037020375544,13.665040832932418,2.294708251953125,24.178985595703125
-0.5420165790962466,14.343487871942063,1.344146728515625,24.178985595703125
-0.8225756789778973,14.932031277989957,0.393707275390625,24.178985595703125
6.6269173791509175,-3.018598896273212,28.936920166015625,23.228546142578125
6.368116406043699,-2.482575698488985,27.983795166015625,23.228546142578125
6.106137213477049,-1.8852213294660012,27.033355712890625,23.228424072265625
5.85811583169828,-1.3254958355374291,26.082794189453125,23.228546142578125
5.608223372404,-0.8366746110276589,25.129547119140625,23.228546142578125
5.346588343055556,-0.22043417822728634,24.178985595703125,23.228424072265625
5.111729857366435,0.32996315761302597,23.228424072265625,23.228546142578125
4.93214244975567,0.892917093805753,22.275177001953125,23.228424072265625
4.568562847212556,1.4998843052134931,21.324737548828125,23.228424072265625
4.374564125855708,2.0388726423860124,20.374176025390625,23.228424072265625
4.091139172925455,2.5968704604320347,19.420806884765625,23.228546142578125
3.8508903462296953,3.136344743159956,18.470245361328125,23.228546142578125
3.591331487115285,3.720984428250673,17.519805908203125,23.228546142578125
3.326138788545735,4.299353737576235,16.566436767578125,23.228424072265625
3.1421541187878352,4.867062838354004,15.615997314453125,23.228424072265625
2.824755753451406,5.428293375175585,14.665435791015625,23.228424072265625
2.5493463443263145,6.026211599311879,13.712188720703125,23.228424072265625
2.3151084347201305,6.594727701719753,12.761627197265625,23.228546142578125
2.0230277189826475,7.192911644439118,11.811187744140625,23.228546142578125
1.755893818994318,7.770365879112555,10.857696533203125,23.228546142578125
1.5531477391008062,8.40502121940148,9.907257080078125,23.228546142578125
1.346434125733907,8.981422578368738,8.956695556640625,23.228546142578125
1.0252829608648186,9.540525829857287,8.003326416015625,23.228546142578125
0.7739524476642681,10.096761313880105,7.052886962890625,23.228424072265625
0.3931983118934434,10.69602215399362,6.102325439453125,23.228424072265625
0.24610177158412816,11.357026134696707,5.149078369140625,23.228546142578125
0.003769783131205711,11.92881110685244,4.198516845703125,23.228424072265625
-0.27191455340855475,12.159619503425779,3.247955322265625,23.228424072265625
-0.50922157527175,13.10630289774164,2.294708251953125,23.228546142578125
-0.7884598969314851,13.704049834044927,1.344146728515625,23.228546142578125
-1.0224679630267202,14.337879061172288,0.393707275390625,23.228546142578125
6.358410249865468,-3.6103933454415915,28.936920166015625,22.275054931640625
6.089105789332987,-3.0225435085563372,27.983917236328125,22.275177001953125
5.858985220400197,-2.4204163270568895,27.033355712890625,22.275177001953125
5.6117920428669,-1.9197705389040538,26.082794189453125,22.275177001953125
5.375741398806032,-1.3426348719099348,25.129425048828125,22.275054931640625
5.124619365138336,-0.898414839592834,24.178985595703125,22.275177001953125
4.8614400490456795,-0.23645320442785994,23.228424072265625,22.275177001953125
4.6140645242276594,0.3498609305648766,22.275177001953125,22.275177001953125
4.307697817771331,0.9565257812930068,21.324615478515625,22.275177001953125
4.126399813060114,1.4642129738366898,20.374176025390625,22.275177001953125
3.824729236122488,2.04828994492276,19.420806884765625,22.275177001953125
3.6041344066356853,2.6050292092401723,18.470245361328125,22.275177001953125
3.3181328840935933,3.1682632135207776,17.519805908203125,22.275177001953125
3.012677625926367,3.7680893485263054,16.566436767578125,22.275177001953125
2.763949495629542,4.372935992461295,15.615997314453125,22.275177001953125
2.543448448260268,4.872360618713018,14.665435791015625,22.275054931640625
2.3287460704337386,5.434082923587528,13.712188720703125,22.275177001953125
2.075815377795701,6.006957204899744,12.761627197265625,22.275054931640625
1.7170847667775342,6.6267077070218185,11.811065673828125,22.275054931640625
1.4927094528309983,7.2392156439331155,10.857696533203125,22.275177001953125
1.2654888587677953,7.792131671710376,9.907257080078125,22.275054931640625
0.9879403407512398,8.35250368553413,8.956695556640625,22.275054931640625
0.7727474751521162,8.95324208989229,8.003448486328125,22.275177001953125
0.5434706951933038,9.561112415915924,7.052886962890625,22.275177001953125
0.2528454895629715,10.158127563905778,6.102325439453125,22.275177001953125
-0.03428099589526093,10.698209668880482,5.148956298828125,22.275177001953125
-0.30231701179858467,11.3378590722867,4.198516845703125,22.275177001953125
-0.5144964898037871,11.943646875710678,3.248077392578125,22.275177001953125
-0.8021995523810801,12.840395889528477,2.294708251953125,22.275177001953125
-1.0338797239909174,13.178777183456873,1.344146728515625,22.275177001953125
-1.5468593405909394,13.745450202532474,0.393707275390625,22.275054931640625
6.119892395355927,-4.155877220689686,28.936920166015625,21.324615478515625
5.836015583578587,-3.600361549625017,27.983795166015625,21.324615478515625
5.5932146544768635,-3.0285485003306247,27.033355712890625,21.324615478515625
5.332256813733676,-2.4940985851344313,26.082794189453125,21.324615478515625
5.105642366861997,-1.922986428084216,25.129425048828125,21.324615478515625
4.635617410736406,-1.3459751406264928,24.178985595703125,21.324615478515625
4.599350292745276,-0.8147097409349782,23.228546142578125,21.324615478515625
4.330648179076295,-0.19278862710032485,22.275177001953125,21.324615478515625
4.363937928602686,0.3524150589940359,21.324615478515625,21.324615478515625
3.8388202146076256,0.8590411141912554,20.374176025390625,21.324615478515625
3.6067099378535965,1.445051653073934,19.420806884765625,21.324615478515625
3.3405920352867,2.0265313785722294,18.470367431640625,21.324615478515625
3.221318010109926,2.563403665601308,17.519805908203125,21.324615478515625
2.814044591610958,3.1945292691691654,16.566436767578125,21.324615478515625
2.5513791184668397,3.796441945025322,15.615997314453125,21.324615478515625
2.2836214266025463,4.326198981971281,14.665435791015625,21.324615478515625
2.073652414863692,4.922045577616907,13.712066650390625,21.324615478515625
1.789714911435835,5.470450518028512,12.761627197265625,21.324615478515625
1.5343675811494357,6.073410432323537,11.811065673828125,21.324615478515625
1.2681477092799711,6.669702320846834,10.857696533203125,21.324615478515625
0.9909121859909658,7.227194695917434,9.907257080078125,21.324615478515625
0.7823706347832546,7.813868499810297,8.956817626953125,21.324615478515625
0.5122443322437988,8.400914497805132,8.003326416015625,21.324615478515625
0.24262213890752254,9.002470589524565,7.052886962890625,21.324615478515625
-0.008794433954033377,9.593704708250252,6.102325439453125,21.324615478515625
-0.255358056174924,10.202891676449084,5.148956298828125,21.324615478515625
-0.518536152532893,10.775451355301,4.198516845703125,21.324615478515625
-0.7735817569327854,11.419301261487979,3.247955322265625,21.324615478515625
-1.0422071934687065,12.017031931403492,2.294708251953125,21.324615478515625
-1.1966720669287354,12.521865513429745,1.344268798828125,21.324615478515625
-1.5448093406685268,13.223823208421809,0.393707275390625,21.324615478515625
5.82594700412051,-4.702421748718629,28.936920166015625,20.374176025390625
5.540961245229153,-4.156639365081646,27.983917236328125,20.374176025390625
5.32491242466899,-3.5949059007515127,27.033355712890625,20.374176025390625
5.084544118822547,-3.0417506892612356,26.082794189453125,20.374176025390625
4.900175505541942,-2.4844910736885715,25.129547119140625,20.374176025390625
4.63950818820236,-1.9422825180725218,24.178985595703125,20.374053955078125
4.384741886070849,-1.3509074451763186,23.228546142578125,20.374176025390625
4.126090770097913,-0.822339362321083,22.275177001953125,20.374053955078125
3.8238383877146114,-0.19536062943519872,21.324615478515625,20.374176025390625
3.56103291503922,0.3041929357961095,20.374176025390625,20.374176025390625
3.326123632346677,0.8555839702726156,19.420806884765625,20.374176025390625
3.0679581869740673,1.456855839323008,18.470245361328125,20.374176025390625
2.8614538197501647,2.0417990505744332,17.519805908203125,20.374176025390625
2.5904140171386145,2.6700087918242192,16.566436767578125,20.374176025390625
2.2731654536110026,3.1992093594823383,15.615997314453125,20.374176025390625
2.042213127651363,3.7649650021031835,14.665435791015625,20.374176025390625
1.7945305399052995,4.321645716024902,13.712066650390625,20.374053955078125
1.5844151491330754,4.924153728597117,12.761627197265625,20.374053955078125
1.267447836327393,5.550154109439049,11.811187744140625,20.374053955078125
1.0265153746689601,6.113556578402335,10.857696533203125,20.374053955078125
0.7615682101190899,6.711792845895628,9.907257080078125,20.374053955078125
0.4667743804585879,7.237432716873493,8.956695556640625,20.374176025390625
0.2400405593164074,7.82769986940645,8.003326416015625,20.374176025390625
0.02800280050997937,8.444482811938961,7.052886962890625,20.374176025390625
-0.3122345720482046,9.028097320804754,6.102447509765625,20.374053955078125
-0.4963802209520749,9.660033215829985,5.149078369140625,20.374053955078125
-0.7793851464981973,10.231351217891193,4.198516845703125,20.374176025390625
-1.0422095244399436,10.791344672350258,3.247955322265625,20.374176025390625
-1.2853864286372934,11.42593061718679,2.294586181640625,20.374053955078125
-1.5139297225654627,12.055200727885293,1.344268798828125,20.374053955078125
-1.8558680976305575,12.645032586112348,0.393707275390625,20.374053955078125
5.584181054169429,-5.2002341155421234,28.936920166015625,19.420684814453125
5.338626596308426,-4.700494983636018,27.983917236328125,19.420806884765625
5.0860580242921,-4.134695412354004,27.033355712890625,19.420806884765625
5.154850916841459,-3.553549953302959,26.082794189453125,19.420806884765625
4.586801968812254,-3.051576876928984,25.129547119140625,19.420806884765625
4.364934644191282,-2.4674947093349506,24.178985595703125,19.420806884765625
4.114756817276996,-1.9119061057582756,23.228546142578125,19.420806884765625
3.878659580253686,-1.3344747204612506,22.275177001953125,19.420806884765625
3.591395623830075,-0.7710827832865803,21.324615478515625,19.420806884765625
3.3338499806725137,-0.21526415700121088,20.374176025390625,19.420806884765625
2.798164168800279,0.3365186367239757,19.420806884765625,19.420806884765625
2.8621189185476017,0.9065882921606875,18.470245361328125,19.420806884765625
2.586848211570726,1.488687765090069,17.519805908203125,19.420806884765625
2.3005368608459533,2.1022493917102003,16.566436767578125,19.420806884765625
2.1039094736227018,2.6601831348598437,15.615997314453125,19.420806884765625
1.831434418094283,3.2020845036055974,14.665435791015625,19.420806884765625
1.5412908626517496,3.756228010773041,13.712066650390625,19.420806884765625
1.3127048851071241,4.373567754404132,12.761627197265625,19.420684814453125
1.0298841422941656,4.926910905122621,11.811187744140625,19.420684814453125
0.7615180201455047,5.533637269572957,10.857696533203125,19.420684814453125
0.5435328575926016,6.135759314179757,9.907257080078125,19.420684814453125
0.29018901880978787,6.6765924491580115,8.956695556640625,19.420684814453125
-0.01181037478984346,7.259041780684712,8.003326416015625,19.420684814453125
-0.2423503598713432,7.864139113177816,7.052886962890625,19.420806884765625
-0.7710143822113211,8.475565091572845,6.102325439453125,19.420684814453125
-0.8016060429664374,9.055008693097635,5.149078369140625,19.420806884765625
-1.0337472983924427,9.695232257901539,4.198516845703125,19.420806884765625
-1.4704819336313546,10.266585239812775,3.247955322265625,19.420684814453125
-1.5436302839767468,10.902526351867596,2.294708251953125,19.420684814453125
-1.7798282530445115,11.463170977262727,1.344268798828125,19.420684814453125
-2.0916575801087833,12.098514060024945,0.393707275390625,19.420684814453125
5.348498568095149,-5.832485107289761,28.936920166015625,18.470245361328125
5.118452888356825,-5.265097599235319,27.983917236328125,18.470367431640625
4.852894412909028,-4.70402465282462,27.033355712890625,18.470367431640625
4.606984865986035,-4.160322956644096,26.082794189453125,18.470245361328125
4.3511943383218625,-3.610333329135589,25.129547119140625,18.470245361328125
4.120504903121669,-3.0615297073484675,24.178985595703125,18.470367431640625
3.826064291569646,-2.473236799645849,23.228424072265625,18.470367431640625
3.641493673220957,-1.8901945095019421,22.275177001953125,18.470367431640625
3.3215837917273983,-1.3025117522865601,21.324737548828125,18.470367431640625
3.0867818386317385,-0.893509943746344,20.374176025390625,18.470367431640625
2.862636500551497,-0.20903247822310167,19.420806884765625,18.470367431640625
2.626241535443906,0.3486275329729672,18.470245361328125,18.470367431640625
2.3305079533041586,0.8839175301638628,17.519805908203125,18.470367431640625
2.0599548386431055,1.4871168836567594,16.566436767578125,18.470367431640625
1.8133062765119032,2.0948048429663855,15.615997314453125,18.470367431640625
1.567736649194183,2.64823824010895,14.665435791015625,18.470367431640625
1.223629059315717,3.2265418690405614,13.712066650390625,18.470367431640625
1.045222775935393,3.7988078002080257,12.761627197265625,18.470367431640625
0.7719846914621011,4.378272549242072,11.811065673828125,18.470367431640625
0.5830222232530499,4.964523444514293,10.857696533203125,18.470245361328125
0.29713400513394567,5.603052452795793,9.907257080078125,18.470245361328125
-0.0057886705237477545,6.120638424617505,8.956695556640625,18.470245361328125
-0.24400618738814148,6.6905795001085275,8.003326416015625,18.470245361328125
-0.48183424261573454,7.3436495845276495,7.052886962890625,18.470245361328125
-0.7355714828585,7.937208895044616,6.102325439453125,18.470245361328125
-1.0183077279197388,8.524885207893046,5.148956298828125,18.470245361328125
-1.3745845567782593,9.083706105991311,4.198516845703125,18.470245361328125
-1.546034522772946,9.701610633114658,3.247955322265625,18.470245361328125
-1.8038401693563728,10.27863050974832,2.294586181640625,18.470245361328125
-2.0225791244471063,10.930966996202866,1.344268798828125,18.470245361328125
-2.3216040682388774,11.48894895730788,0.393707275390625,18.470245361328125
5.144934340189005,-6.360270663716993,28.936920166015625,17.519683837890625
4.940318709182981,-5.834859141568679,27.983917236328125,17.519805908203125
4.592746607668474,-5.275651823347175,27.033355712890625,17.519805908203125
4.343472168951582,-4.739852676445896,26.082794189453125,17.519805908203125
4.099688144753027,-4.189159768885442,25.129547119140625,17.519805908203125
3.858012558797015,-3.6319538760362633,24.178985595703125,17.519805908203125
3.5842319249036754,-3.0301094795471863,23.228546142578125,17.519805908203125
3.335089707876799,-2.473069482454794,22.275177001953125,17.519805908203125
3.108985526623207,-1.8987993247332047,21.324615478515625,17.519805908203125
2.84028377634791,-1.3516895622407308,20.374176025390625,17.519805908203125
2.5876637215494003,-0.6975690759692826,19.420806884765625,17.519805908203125
2.3542393138156337,-0.1981827327904044,18.470367431640625,17.519805908203125
2.117718234859126,0.3636681049850387,17.519805908203125,17.519805908203125
1.8173144242571608,1.0457204624258312,16.566436767578125,17.519805908203125
1.568945974456937,1.539423793583261,15.615997314453125,17.519927978515625
1.3275041958787068,2.106672292337512,14.665435791015625,17.519927978515625
1.0547782026453816,2.7252045809916208,13.712066650390625,17.519805908203125
0.8009475303273953,3.248193004657586,12.761627197265625,17.519805908203125
0.5014178329135406,3.8420046771588057,11.811187744140625,17.519683837890625
0.2604375942852467,4.432762626711806,10.857818603515625,17.519683837890625
-0.021275337809057836,4.99353841371995,9.907257080078125,17.519683837890625
-0.23352097670752936,5.533519150921591,8.956695556640625,17.519805908203125
-0.48822964196312424,6.197776322359738,8.003326416015625,17.519683837890625
-0.7644908404397105,6.743976238377074,7.052886962890625,17.519683837890625
-1.032426046875478,7.3357873343714575,6.102325439453125,17.519683837890625
-1.2212346610410592,7.934797761326116,5.148956298828125,17.519683837890625
-1.5497902415905171,8.535890782557384,4.198516845703125,17.519683837890625
-1.7949487498441783,9.111020086973841,3.247955322265625,17.519683837890625
-2.042020862738411,9.705240676853176,2.294586181640625,17.519683837890625
-2.3109940013151435,10.37203176835182,1.344268798828125,17.519805908203125
-2.6123356766648507,10.967221662326681,0.393707275390625,17.519683837890625
4.82968622984847,-6.9862675168531,28.936920166015625,16.566436767578125
4.586881723398056,-6.408940664449875,27.983917236328125,16.566558837890625
4.32978967769545,-5.870046680355381,27.033355712890625,16.566436767578125
4.107395743244463,-5.289679518874141,26.082916259765625,16.566436767578125
3.8331786036663607,-4.77460371147349,25.129547119140625,16.566436767578125
3.6083939738274964,-4.189465135138252,24.178985595703125,16.566436767578125
3.387615473537684,-3.601576925205187,23.228546142578125,16.566558837890625
3.394697699148662,-3.068046912648041,22.275177001953125,16.566558837890625
2.8608439623301662,-2.5236533401635737,21.324615478515625,16.566436767578125
2.5927789779073045,-1.9248110647722232,20.374176025390625,16.566558837890625
2.318992598348012,-1.412927925150332,19.420806884765625,16.566436767578125
2.114475249078386,-0.706094726922468,18.470245361328125,16.566436767578125
1.8386323826176725,-0.23168059590520654,17.519805908203125,16.566436767578125
1.5571961729010664,0.3436020063923451,16.566436767578125,16.566436767578125
1.3314739485722562,1.042281417029459,15.615997314453125,16.566436767578125
1.040496330911968,1.5024371315877727,14.665435791015625,16.566558837890625
0.8017268326917547,2.091755073584387,13.712188720703125,16.566558837890625
0.5661273243289799,2.6060145661961034,12.761627197265625,16.566436767578125
0.3125842600721678,3.2247783728333195,11.811065673828125,16.566436767578125
0.0003366173437513494,3.821223214571337,10.857818603515625,16.566436767578125
-0.2292281212373242,4.406106966777524,9.907257080078125,16.566314697265625
-0.5021578257965872,5.021989748325319,8.956695556640625,16.566314697265625
-0.7708651840363202,5.610459280017508,8.003326416015625,16.566314697265625
-0.9753762233113075,6.175007769761706,7.052886962890625,16.566436767578125
-1.2386395443120553,6.758105022086398,6.102325439453125,16.566436767578125
-1.5301497033720577,7.333236675386413,5.148956298828125,16.566436767578125
-1.8015774488829357,7.950275606472967,4.198516845703125,16.566436767578125
-2.034799433910345,8.584666732302104,3.248077392578125,16.566436767578125
-2.279530858326459,9.191873031540124,2.294708251953125,16.566436767578125
-2.585523659882811,9.775096803397318,1.344146728515625,16.566436767578125
-2.8573230377098437,10.424596649432418,0.393707275390625,16.566436767578125
4.573622986372913,-7.528824166393721,28.936920166015625,15.615875244140625
4.385918254995793,-7.041578771548721,27.983917236328125,15.615997314453125
4.097132766271877,-6.456956705194653,27.033355712890625,15.615997314453125
3.883205276376241,-5.9192515656217175,26.082916259765625,15.615997314453125
3.6313501002237802,-5.343519885056751,25.129547119140625,15.615997314453125
3.34114673926346,-4.78307954969156,24.178985595703125,15.615997314453125
2.99653870368895,-4.230651111464658,23.228546142578125,15.615997314453125
2.8310142137151684,-3.6501579692705435,22.275177001953125,15.615997314453125
2.6167826649827264,-3.126196425320842,21.324615478515625,15.615875244140625
2.349652667780802,-2.536554982705423,20.374176025390625,15.615997314453125
2.0986928421012307,-1.9470544406415908,19.420928955078125,15.615875244140625
1.8685650509989549,-1.3939981248271704,18.470367431640625,15.615997314453125
1.579008074117612,-0.8153797859442676,17.519805908203125,15.615997314453125
1.4209298947265043,-0.21332972508258363,16.566436767578125,15.615875244140625
1.0564314078113575,0.36001570818110723,15.615997314453125,15.615997314453125
0.8316873265805307,0.9472142327467961,14.665435791015625,15.615997314453125
0.5751483368993711,1.4953538767023984,13.712066650390625,15.615997314453125
0.29499332095473907,2.073140555649098,12.761627197265625,15.615997314453125
0.006722124287130609,2.6343579456707515,11.811065673828125,15.615997314453125
-0.22103347662653186,3.236576191188446,10.857818603515625,15.615997314453125
-0.482465273900586,3.8354913041616885,9.907257080078125,15.615875244140625
-0.7598403848896118,4.368254935963461,8.956817626953125,15.615875244140625
-1.0268108613575513,4.9870988050368386,8.003326416015625,15.615875244140625
-1.2606862069539075,5.594256200958181,7.052886962890625,15.615875244140625
-1.5618798060218797,6.210236999311329,6.102325439453125,15.615875244140625
-1.7807720986099402,6.764291143249411,5.148956298828125,15.615875244140625
-2.1010839514197723,7.410034318873375,4.198516845703125,15.615875244140625
-2.3954924057649336,7.994398085962206,3.247955322265625,15.615875244140625
-2.5972952323917458,8.579238915250924,2.294586181640625,15.615875244140625
-2.8230024583564863,9.23519132875325,1.344146728515625,15.615875244140625
-3.105538885917246,9.73438169596119,0.393707275390625,15.615875244140625
4.272160177359246,-8.229375307461343,28.936920166015625,14.665435791015625
4.0443688777449776,-7.773240098226505,27.983917236328125,14.665435791015625
3.772900870543059,-7.190582979741116,27.033355712890625,14.665435791015625
3.5726257390172558,-6.658030209680862,26.082794189453125,14.665557861328125
3.337954628341781,-5.838618346233712,25.129547119140625,14.665435791015625
3.16359245829697,-5.570250321211795,24.178985595703125,14.665557861328125
2.8716650030369286,-5.029630218065978,23.228546142578125,14.665435791015625
2.6144792786595525,-4.434520776234618,22.275177001953125,14.665435791015625
2.3200801669250795,-3.8425220354054046,21.324737548828125,14.665435791015625
2.075879974073956,-3.310352583214196,20.374176025390625,14.665557861328125
1.8523695244921567,-2.7476297157551803,19.420806884765625,14.665435791015625
1.5810096301204648,-2.169249943860386,18.470245361328125,14.665435791015625
1.3299707349952694,-1.5977407663649437,17.519805908203125,14.665435791015625
1.0518542163745026,-1.0102888151588247,16.566558837890625,14.665435791015625
0.8001899321059659,-0.39128407003016086,15.615997314453125,14.665435791015625
0.5616833389037807,0.11534001537968284,14.665435791015625,14.665435791015625
0.32601903563623097,0.6841048343924383,13.712066650390625,14.665435791015625
0.07981420247304215,1.2981092094101905,12.761627197265625,14.665435791015625
-0.16484528420285566,1.823571834755713,11.811065673828125,14.665435791015625
-0.4050093145302114,2.477509996940902,10.857818603515625,14.665435791015625
-0.7041988101731111,3.101837070557398,9.907257080078125,14.665435791015625
-0.9998895560905545,3.610612202761589,8.956695556640625,14.665435791015625
-1.276208165970355,4.208662760453984,8.003326416015625,14.665435791015625
-1.4946768237229648,4.8331886307498095,7.052886962890625,14.665313720703125
-1.7827862122475255,5.447976639345352,6.102447509765625,14.665435791015625
-2.0450493370444867,6.067788944695117,5.148956298828125,14.665313720703125
-2.2782140333703733,6.712488590678156,4.198516845703125,14.665313720703125
-2.5493834651100733,7.390488101123485,3.247955322265625,14.665313720703125
-2.844670976887633,8.071111388987887,2.294708251953125,14.665435791015625
-3.435775649294493,8.595861899414666,1.344146728515625,14.665435791015625
-3.3497739843739454,9.182945661363455,0.393707275390625,14.665313720703125
4.073158511570099,-9.008168710508313,28.936920166015625,13.712066650390625
3.799995723652321,-8.42974980089178,27.983917236328125,13.712066650390625
3.5175064300029453,-7.727551512041656,27.033355712890625,13.712066650390625
3.3350573186770145,-7.402418774503284,26.082916259765625,13.712066650390625
3.1090605846846575,-6.791708943045921,25.129547119140625,13.712066650390625
2.8105312528576025,-6.226813335079352,24.178985595703125,13.712066650390625
2.5965368761449197,-5.663195641321602,23.228546142578125,13.712066650390625
2.3303512117223537,-5.100057750714399,22.275177001953125,13.712066650390625
2.0465974881680173,-4.506152721209303,21.324737548828125,13.712066650390625
1.8114736422823432,-3.970327351077332,20.374176025390625,13.712188720703125
1.5565604792013286,-3.451987196851218,19.420806884765625,13.712066650390625
1.4157620314243073,-2.8723610811825955,18.470245361328125,13.712066650390625
1.0612603130414977,-2.270666192491639,17.519805908203125,13.712188720703125
0.8018640252264415,-1.6722947046549435,16.566558837890625,13.712188720703125
0.6021835079022112,-1.092090296067562,15.615997314453125,13.712188720703125
0.31044485400990046,-0.5698823248804319,14.665435791015625,13.712066650390625
0.029851972854834326,0.031033627106391726,13.712066650390625,13.712066650390625
-0.2322487201519532,0.6097961026878123,12.761627197265625,13.712066650390625
-0.48005216365372483,1.1779458429149725,11.811187744140625,13.712188720703125
-0.7262606331041951,1.8506323202457071,10.857696533203125,13.712066650390625
-0.9863633274887013,2.385810498776283,9.907257080078125,13.712188720703125
-1.2104180672239437,2.927511006160985,8.956695556640625,13.712188720703125
-1.4846355588873208,3.488671832414883,8.003448486328125,13.712066650390625
-1.745452762536317,4.109878001045897,7.052886962890625,13.712066650390625
-1.9741216231779077,4.702631565857717,6.102325439453125,13.712066650390625
-2.226107764550919,5.411486083260731,5.148956298828125,13.712066650390625
-2.546768338716452,6.149926796282655,4.198516845703125,13.712066650390625
-2.847527006252814,6.79855072520986,3.248077392578125,13.712188720703125
-3.1120851702326293,7.4044551898439375,2.294708251953125,13.712066650390625
-3.368349207693122,7.941879759957573,1.344146728515625,13.712066650390625
-3.626152700825105,8.68723573543898,0.393707275390625,13.711944580078125
3.740723822388713,-9.668331234222313,28.936920166015625,12.761627197265625
3.542323962941879,-9.038298360300697,27.983917236328125,12.761627197265625
3.348866991543613,-8.508520897373835,27.033355712890625,12.761627197265625
3.0219742128319096,-7.978760835088249,26.082916259765625,12.761627197265625
2.8304743687219056,-7.418440555139756,25.129547119140625,12.761627197265625
2.590484730112067,-6.854257846584842,24.178985595703125,12.761627197265625
2.2509049002343477,-6.279689892675496,23.228546142578125,12.761627197265625
2.0492373272188105,-5.701322141771171,22.275177001953125,12.761627197265625
1.7531619411569586,-5.082037576557356,21.324737548828125,12.761627197265625
1.5957392108974844,-4.577369965665758,20.374176025390625,12.761627197265625
1.2583486376941182,-4.0474750934692665,19.420806884765625,12.761627197265625
1.0758198205494354,-3.465242016509365,18.470367431640625,12.761627197265625
0.8528801014958266,-2.8665973386790333,17.519805908203125,12.761627197265625
0.5866380601502522,-2.3236594121257155,16.566558837890625,12.761627197265625
0.32254642820891766,-1.7453243015825357,15.615997314453125,12.761627197265625
0.046240627972950865,-1.1944014501978517,14.665435791015625,12.761627197265625
-0.1940600478117576,-0.6261191786700262,13.712188720703125,12.761505126953125
-0.39291393562078597,-0.028465548363661945,12.761627197265625,12.761627197265625
-0.7200223639830255,0.566217308165984,11.811065673828125,12.761627197265625
-0.9691265337680489,1.1374839139204955,10.857818603515625,12.761627197265625
-1.2005666319753365,1.7368749294720134,9.907257080078125,12.761627197265625
-1.4705605552014296,2.3109168001796103,8.956695556640625,12.761627197265625
-1.7568881652965547,2.8698711076198724,8.003326416015625,12.761627197265625
-1.9777507099608782,3.491726082403027,7.052886962890625,12.761627197265625
-1.9279706531453633,4.05013367946634,6.102447509765625,12.761627197265625
-2.4922214504688696,4.74454171105936,5.149078369140625,12.761505126953125
-2.793882626682846,5.484592584915848,4.198516845703125,12.761627197265625
-3.146946595658256,6.157734835652557,3.248077392578125,12.761505126953125
-3.3715310833670706,6.835473043028962,2.294708251953125,12.761627197265625
-3.619286258009323,7.469728435243226,1.344146728515625,12.761505126953125
-3.851687788500109,8.137964056782941,0.393707275390625,12.761505126953125
3.5220382639506367,-10.208001740804182,28.936920166015625,11.811065673828125
3.2651855029709163,-9.665346785604253,27.983917236328125,11.811065673828125
2.9547106704541988,-9.120835586990783,27.033355712890625,11.811065673828125
2.7895015668498107,-8.559761546717146,26.082916259765625,11.811065673828125
2.546962336583468,-7.984836626772112,25.129547119140625,11.811065673828125
2.2856977416612683,-7.442849673517824,24.178985595703125,11.811187744140625
2.0769200942879906,-6.885162950405486,23.228546142578125,11.811065673828125
1.7857800727264805,-6.305217571115333,22.275177001953125,11.811187744140625
1.5421351772728273,-5.749966295060767,21.324737548828125,11.811065673828125
1.2669560040788066,-5.141323534687333,20.374176025390625,11.811065673828125
1.052491076599551,-4.630131773179832,19.420806884765625,11.811065673828125
0.7971403800763984,-4.093331897403407,18.470245361328125,11.811065673828125
0.5698092133503653,-3.4188549285646266,17.519805908203125,11.811065673828125
0.3006842889557873,-2.915894997135451,16.566558837890625,11.811065673828125
0.043937232289771595,-2.3153303407922987,15.615997314453125,11.811065673828125
-0.20613463290750683,-1.7872157460566798,14.665435791015625,11.811187744140625
-0.4699589127963034,-1.1958341952089802,13.712066650390625,11.811065673828125
-0.6973891481591372,-0.621488171530732,12.761627197265625,11.811187744140625
-0.9835497174873448,-0.036477326556192124,11.811065673828125,11.811065673828125
-1.2190941928781793,0.5537501734882175,10.857696533203125,11.811065673828125
-1.4904501666937253,1.1477549353375862,9.907257080078125,11.811065673828125
-1.7461388218691152,1.701219302654168,8.956695556640625,11.811065673828125
-1.996501003051342,2.305726227207574,8.003326416015625,11.811187744140625
-2.2415365630893334,2.9013398690020913,7.052886962890625,11.811187744140625
-2.4832328611344634,3.503119639175565,6.102447509765625,11.811187744140625
-2.756785763661771,4.1279987226166845,5.149078369140625,11.811187744140625
-3.1017863956738307,4.725516698018627,4.198516845703125,11.811065673828125
-3.32564670177438,5.55539598653698,3.247955322265625,11.811065673828125
-3.61055340379476,6.225626544284057,2.294708251953125,11.810943603515625
-3.910185251726892,6.842614706007476,1.344146728515625,11.811187744140625
-4.194585964576603,7.509581551887383,0.393707275390625,11.811065673828125
3.3372042422289256,-10.833035345165163,28.936920166015625,10.857696533203125
3.0241347757107135,-10.249485349815751,27.983917236328125,10.857696533203125
2.7346318146008155,-9.642513544054687,27.033355712890625,10.857696533203125
2.5410402574047395,-9.109429992567962,26.082916259765625,10.857696533203125
2.291923253026836,-8.558665181968394,25.129547119140625,10.857696533203125
2.0410986539121447,-8.015612554702217,24.178985595703125,10.857696533203125
1.8255712457317956,-7.487979043553395,23.228546142578125,10.857696533203125
1.5528202269999876,-6.8830778359444595,22.275177001953125,10.857696533203125
1.180193309226517,-6.364427689280166,21.324737548828125,10.857696533203125
1.0665786917953861,-5.790925203148187,20.374176025390625,10.857696533203125
0.771818999223521,-5.467879298863291,19.420806884765625,10.857818603515625
0.5780666848482631,-4.627119513641266,18.470245361328125,10.857696533203125
0.30909187030882596,-4.070161772315711,17.519927978515625,10.857818603515625
-0.017295743479509948,-3.664965457799592,16.566558837890625,10.857696533203125
-0.2624507758375393,-2.8970495378960086,15.615997314453125,10.857696533203125
-0.4741551061048031,-2.351627853385075,14.665435791015625,10.857818603515625
-0.6913462276570871,-1.7444431078758198,13.712066650390625,10.857818603515625
-0.9790293618590271,-1.1976955758340697,12.761627197265625,10.857696533203125
-1.218813774323868,-0.5879654862593828,11.811065673828125,10.857696533203125
-1.5038131248605977,-0.008468943322420298,10.857696533203125,10.857696533203125
-1.784280900873301,0.609755302431586,9.907257080078125,10.857818603515625
-2.030130961094589,1.1227822905418816,8.956695556640625,10.857696533203125
-2.2876530095906604,1.7296921917662251,8.003448486328125,10.857696533203125
-2.518816936509271,2.361520825898912,7.052886962890625,10.857818603515625
-2.79173994652381,2.9239068534692523,6.102325439453125,10.857818603515625
-3.0184851055269637,3.5109523116611125,5.148956298828125,10.857818603515625
-3.331013900149947,4.153105895959974,4.198516845703125,10.857818603515625
-3.5530868156015165,4.798097549660599,3.248077392578125,10.857696533203125
-3.893177444537019,5.630255306644756,2.294708251953125,10.857818603515625
-4.119214517552868,6.330127115665278,1.344146728515625,10.857696533203125
-4.374176698592423,6.943029526301162,0.393707275390625,10.857574462890625
2.9785082985985865,-11.317796632836012,28.936920166015625,9.907257080078125
2.7384821591467143,-10.771697526710106,27.983917236328125,9.907257080078125
2.5117431881613244,-10.22731269075523,27.033355712890625,9.907257080078125
2.3087740815359106,-9.769715471664252,26.082916259765625,9.907257080078125
2.02916490232956,-9.145821794689633,25.129547119140625,9.907257080078125
1.809597629251857,-8.584989388152021,24.178985595703125,9.907257080078125
1.5288264838603962,-7.971667774652083,23.228546142578125,9.907257080078125
1.2474954989693638,-7.4479407660081245,22.275177001953125,9.907257080078125
1.0260737560661413,-6.862909606183756,21.324737548828125,9.907257080078125
0.8290908107415359,-6.353326880781504,20.374176025390625,9.907257080078125
0.561521640206393,-5.781096965518426,19.420806884765625,9.907257080078125
0.27613097069926934,-5.495181890557267,18.470245361328125,9.907257080078125
0.03937180338215875,-4.670904310941674,17.519805908203125,9.907257080078125
-0.22803568439389665,-4.029260819046844,16.566558837890625,9.907257080078125
-0.4528784783455345,-3.2034796081911514,15.615997314453125,9.907257080078125
-0.7673778745832361,-2.9133920458856797,14.665435791015625,9.907257080078125
-0.9720480163561448,-2.31419615841672,13.712066650390625,9.907257080078125
-1.2121020484328724,-1.7879799385861719,12.761627197265625,9.907257080078125
-1.4561785402331557,-1.1980837400126276,11.811065673828125,9.907257080078125
-1.7567674469638381,-0.5982030902166278,10.857696533203125,9.907257080078125
-2.0307255055373146,-0.07708489923287774,9.907257080078125,9.907257080078125
-2.30533375854313,0.5643855408670309,8.956695556640625,9.907257080078125
-2.520903641446774,1.1737028938836385,8.003326416015625,9.907257080078125
-2.77923512830681,1.7561431428148537,7.052886962890625,9.907257080078125
-2.965430934895904,2.3365106669807614,6.102447509765625,9.907257080078125
-3.3263408990101264,2.9241848033755136,5.149078369140625,9.907257080078125
-3.553841936595753,3.5502949506168444,4.198516845703125,9.907257080078125
-3.8198640376533195,4.155408507050452,3.248077392578125,9.907257080078125
-4.10074150377086,4.849298934756779,2.294708251953125,9.907257080078125
-4.400605461945901,5.594638850481991,1.344146728515625,9.907257080078125
-4.688329683978094,6.352760164977025,0.393707275390625,9.907257080078125
2.7022534713785196,-11.964183472290276,28.936920166015625,8.956695556640625
2.5069708926818914,-11.130501849041824,27.983917236328125,8.956695556640625
2.20171229658139,-10.85920502415488,27.033355712890625,8.956695556640625
1.9903062711633233,-10.227069223093533,26.082916259765625,8.956695556640625
1.766631359359471,-9.761178207146271,25.129547119140625,8.956695556640625
1.5141598738708855,-9.180740459077459,24.178863525390625,8.956817626953125
1.24102103474404,-8.630794909570877,23.228546142578125,8.956695556640625
1.0418465044453415,-8.08539577355928,22.275177001953125,8.956817626953125
0.8055659514066057,-7.502847328570344,21.324615478515625,8.956695556640625
0.4885137794134503,-6.935463823728593,20.374176025390625,8.956695556640625
0.29465126195215613,-6.343671422862297,19.420806884765625,8.956695556640625
0.018654558511124106,-5.825160685778104,18.470367431640625,8.956695556640625
-0.2830184170378003,-5.202970348209708,17.519927978515625,8.956817626953125
-0.5058615011382044,-4.595024417097897,16.566558837890625,8.956817626953125
-0.7844396802236907,-4.054735428124731,15.615997314453125,8.956695556640625
-1.0011309510796285,-3.5108631476107925,14.665435791015625,8.956695556640625
-1.3353211295017597,-2.9306872630162784,13.712066650390625,8.956695556640625
-1.5255452663166724,-2.3355911974885264,12.761627197265625,8.956695556640625
-1.7816835768829726,-1.7617285679416885,11.811065673828125,8.956695556640625
-2.0870264254145883,-1.214709655242695,10.857696533203125,8.956695556640625
-2.2798706610122945,-0.5530397647239294,9.907257080078125,8.956695556640625
-2.551404343456727,-0.039097398340398506,8.956695556640625,8.956695556640625
-2.7977652239449537,0.5889034207184417,8.003448486328125,8.956695556640625
-3.119027584690258,1.1915638618680071,7.052886962890625,8.956695556640625
-3.3321092772036613,1.7547795049191384,6.102325439453125,8.956817626953125
-3.571906093836851,2.326556241513099,5.148956298828125,8.956817626953125
-3.8314174017601204,3.0326175432229925,4.198516845703125,8.956817626953125
-4.105535095346874,3.76899689541765,3.248077392578125,8.956817626953125
-4.432556608956934,4.2190629623654345,2.294586181640625,8.956695556640625
-4.673586376009797,4.960510191286968,1.344268798828125,8.956817626953125
-4.942266439133925,5.725634428937888,0.393707275390625,8.956817626953125
2.4734145599585604,-12.503394989487552,28.936920166015625,8.003326416015625
2.302152952398338,-11.956946314292363,27.983917236328125,8.003326416015625
1.9761108075636076,-11.382583284609268,27.033355712890625,8.003326416015625
1.7376507786425814,-10.850392854285085,26.082916259765625,8.003326416015625
1.5157608119402357,-10.358283849783094,25.129547119140625,8.003448486328125
1.3039257981279198,-9.688482731979363,24.178985595703125,8.003448486328125
1.0286346206835981,-9.177328891740661,23.228546142578125,8.003448486328125
0.7543738616010855,-8.607076384352363,22.275177001953125,8.003448486328125
0.3624519861775492,-8.076858643684202,21.324615478515625,8.003326416015625
0.26336225476408015,-7.501344323397922,20.374176025390625,8.003448486328125
-0.003854130907469784,-6.923338012142447,19.420806884765625,8.003326416015625
-0.24447733264319838,-6.4116236701945155,18.470245361328125,8.003326416015625
-0.4737101535142208,-5.827091421057141,17.519805908203125,8.003448486328125
-0.7567614146226269,-5.228170890687759,16.566558837890625,8.003326416015625
-1.0310329297639909,-4.653307209863785,15.615997314453125,8.003326416015625
-1.3236629098469728,-4.093931717748958,14.665435791015625,8.003448486328125
-1.5330600674704424,-3.5195218461529194,13.712188720703125,8.003448486328125
-1.7353799391711358,-2.9196815390905853,12.761627197265625,8.003448486328125
-2.006894162362443,-2.344301960560186,11.811065673828125,8.003326416015625
-2.2941266423582047,-1.7025040837431367,10.857818603515625,8.003326416015625
-2.547443524441173,-1.1909397626138802,9.907257080078125,8.003326416015625
-2.81535229766706,-0.6164302003342844,8.956695556640625,8.003326416015625
-3.0632623808080446,0.010364265472940825,8.003448486328125,8.003448486328125
-3.3504601783373023,0.5745410569041786,7.052886962890625,8.003326416015625
-3.5722334455577585,1.178011208490981,6.102447509765625,8.003326416015625
-3.8366514308687667,1.7871966521593565,5.148956298828125,8.003448486328125
-4.140917270845741,2.391978484853581,4.198516845703125,8.003448486328125
-4.384432581062775,2.951504558660209,3.248077392578125,8.003448486328125
-4.63849509529938,3.5644158714548877,2.294708251953125,8.003326416015625
-4.907683531025703,4.284175393935445,1.344146728515625,8.003448486328125
-5.201216504292425,5.032041851979669,0.393707275390625,8.003448486328125
2.1476125054336346,-13.126969776685625,28.936920166015625,7.052886962890625
1.997912941093615,-12.596083628291995,27.983917236328125,7.052886962890625
1.754099748102314,-12.049350648689563,27.033355712890625,7.052886962890625
1.5245040063348252,-11.443925783975718,26.082916259765625,7.052886962890625
1.2715381599727718,-10.89001708101131,25.129547119140625,7.052886962890625
1.0240391622678433,-10.361626878043207,24.178985595703125,7.052886962890625
0.7723128754192523,-9.732171503120433,23.228546142578125,7.052886962890625
0.49317759498015185,-9.20951651335623,22.275177001953125,7.052886962890625
0.23687264127029156,-8.645798341752315,21.324737548828125,7.052886962890625
-0.01037577062940315,-8.092646281905802,20.374298095703125,7.052886962890625
-0.24808207171220406,-7.5330960099802375,19.420928955078125,7.052886962890625
-0.47131942467800214,-6.995003847866,18.470245361328125,7.052886962890625
-0.7244311309841593,-6.419361093341823,17.519927978515625,7.052886962890625
-1.019955967308087,-5.835633418421781,16.566558837890625,7.052886962890625
-1.263137242659414,-5.2602628249634815,15.615997314453125,7.052886962890625
-1.5141059411757007,-4.70490771776537,14.665435791015625,7.052886962890625
-1.766467172546852,-4.089663542371269,13.712188720703125,7.052886962890625
-1.9972415845598368,-3.5345216101087025,12.761627197265625,7.052886962890625
-2.2847617728332725,-2.9282679861825556,11.811065673828125,7.052886962890625
-2.559050408463139,-2.377933989880721,10.857696533203125,7.052886962890625
-2.787988871614958,-1.7781406051866702,9.907257080078125,7.052886962890625
-2.9853545702782567,-1.2214826424799679,8.956817626953125,7.052886962890625
-3.3392105773452583,-0.6185382128937353,8.003326416015625,7.052886962890625
-3.5620545541354844,0.3063987972543551,7.052886962890625,7.052886962890625
-3.8123837207739975,0.5883254526691518,6.102325439453125,7.052886962890625
-4.098358831519606,1.1820342772478023,5.149078369140625,7.053009033203125
-4.394554169810546,1.8073956702701497,4.198516845703125,7.052886962890625
-4.646339283501425,2.38859904528052,3.247955322265625,7.052886962890625
-4.954699915557986,2.9620267119824777,2.294708251953125,7.052886962890625
-5.165122451764914,3.4785101407243038,1.344146728515625,7.052886962890625
-5.473230661573459,4.259262748136812,0.393707275390625,7.053009033203125
1.956666087169966,-13.747111506531777,28.936920166015625,6.102447509765625
1.7411346733546118,-13.107704277337783,27.983917236328125,6.102325439453125
1.4860927291404304,-12.56158752017391,27.033355712890625,6.102325439453125
1.2513679180240727,-12.038798861794044,26.082916259765625,6.102325439453125
1.0168484159983449,-11.523813238802767,25.129547119140625,6.102325439453125
0.7267682322938065,-10.911508264297407,24.178985595703125,6.102325439453125
0.5622754475463642,-10.383256051437609,23.228424072265625,6.102325439453125
0.2423019177367822,-10.055484853680408,22.275177001953125,6.102325439453125
-0.055156211047426046,-9.2256675255104,21.324737548828125,6.102325439453125
-0.25035795715798814,-8.64837203825149,20.374176025390625,6.102447509765625
-0.49821689978546296,-8.089269564161011,19.420928955078125,6.102447509765625
-0.7840126505553875,-7.52238492646872,18.470245361328125,6.102447509765625
-0.9878635809060612,-7.058483529470943,17.519805908203125,6.102447509765625
-1.1791448175815695,-6.428578928595789,16.566558837890625,6.102325439453125
-1.5580861839982911,-5.8818175500633645,15.615875244140625,6.102447509765625
-1.8027195352630874,-5.259559355698956,14.665435791015625,6.102447509765625
-2.062219681652432,-4.674285679587297,13.712188720703125,6.102325439453125
-2.263989093263429,-4.124295636579941,12.761627197265625,6.102447509765625
-2.60512303400709,-3.5312639390626517,11.811187744140625,6.102447509765625
-2.8064862003905224,-2.9511201887787473,10.857818603515625,6.102325439453125
-3.0750629013911635,-2.3763787483181837,9.907257080078125,6.102325439453125
-3.337242633083541,-1.785596745696417,8.956817626953125,6.102447509765625
-3.59383049125573,-1.1848465926280507,8.003326416015625,6.102325439453125
-3.831100592869575,-0.606273082491649,7.053009033203125,6.102447509765625
-4.1248071845401215,-0.004093565241738681,6.102325439453125,6.102325439453125
-4.398279212258078,0.6410214090337313,5.149078369140625,6.102325439453125
-4.646123449301169,1.2164408566543834,4.198516845703125,6.102447509765625
-4.942711504862652,1.8544016617982177,3.248077392578125,6.102325439453125
-5.181336592137623,2.3899001987142174,2.294708251953125,6.102447509765625
-5.434189168503655,3.0216049813083106,1.344146728515625,6.102447509765625
-5.717446061076487,3.5683588203029317,0.393707275390625,6.102447509765625
1.712752737135014,-14.31648482956327,28.936920166015625,5.149078369140625
1.4203744845963175,-13.727086752488786,27.983917236328125,5.149078369140625
1.2036409247599844,-13.159745746152867,27.033355712890625,5.149078369140625
0.9840126946230581,-12.64960381099658,26.082916259765625,5.149078369140625
0.7333970159845031,-12.081202893979786,25.129547119140625,5.149078369140625
0.43572713812209257,-11.512335589907249,24.178985595703125,5.148956298828125
0.22867642354469292,-11.0043636708152,23.228546142578125,5.149078369140625
-0.0007840251812044011,-10.401710864032282,22.275177001953125,5.149078369140625
-0.30227375370845716,-9.836416722232885,21.324737548828125,5.149078369140625
-0.5192795143151616,-9.274204506298286,20.374176025390625,5.149078369140625
-0.7904557185290565,-8.72425385211505,19.420928955078125,5.149078369140625
-1.0093572571963723,-8.18430535715061,18.470245361328125,5.149078369140625
-1.1124261415871906,-7.640611286012316,17.519927978515625,5.149078369140625
-1.525697506956019,-7.020217348892779,16.566558837890625,5.149078369140625
-1.7786322941762283,-6.444633275565902,15.615997314453125,5.149078369140625
-2.0630016306462666,-5.8893818800993785,14.665435791015625,5.149078369140625
-2.2842883814351214,-5.284116320377616,13.712188720703125,5.148956298828125
-2.573559397371115,-4.761421776210512,12.761627197265625,5.149078369140625
-2.8422477309426615,-4.196870518939711,11.811065673828125,5.149078369140625
-3.101424211569376,-3.6208040697025763,10.857696533203125,5.148956298828125
-3.3527798644203437,-3.0078313111773927,9.907257080078125,5.149078369140625
-3.5703066966506096,-2.438438546855886,8.956695556640625,5.149078369140625
-3.845064557295283,-1.7982734490433163,8.003326416015625,5.149078369140625
-4.13353245015639,-1.1959376590321285,7.052886962890625,5.149078369140625
-4.413128844795678,-0.6460008914827695,6.102325439453125,5.148956298828125
-4.625152382876312,-0.12035525749776073,5.148956298828125,5.149078369140625
-4.892330555342591,0.5521120930093052,4.198516845703125,5.149078369140625
-5.17525924045241,1.18583000515804,3.248077392578125,5.149078369140625
-5.463110338810789,1.7977076381176949,2.294586181640625,5.149078369140625
-5.7490233632973355,2.417818238279968,1.344146728515625,5.149078369140625
-5.987037494574307,2.996354869497903,0.393707275390625,5.149078369140625
1.438622467925072,-14.88036047303315,28.936920166015625,4.198516845703125
1.192850167629074,-14.365477826762543,27.983917236328125,4.198516845703125
0.9750734006492506,-13.896216689712936,27.033355712890625,4.198516845703125
0.723439898246971,-13.357713620602723,26.082916259765625,4.198516845703125
0.4548817607211969,-12.699559296646031,25.129547119140625,4.198516845703125
0.19671915355511924,-12.164967394372578,24.178863525390625,4.198516845703125
-0.044996136954801806,-11.571616824862256,23.228546142578125,4.198516845703125
-0.28954911407564515,-10.973438388714754,22.275177001953125,4.198516845703125
-0.5572910915821819,-10.457207578218114,21.324737548828125,4.198516845703125
-0.7781548052299784,-9.916143120968432,20.374176025390625,4.198516845703125
-1.0507663262813023,-9.353623131552055,19.420928955078125,4.198516845703125
-1.2640536134808926,-8.827082584937962,18.470245361328125,4.198516845703125
-1.605940340855603,-8.1775443745929,17.519927978515625,4.198516845703125
-1.8039767232497113,-7.6246105246503415,16.566558837890625,4.198516845703125
-2.0735120660569977,-6.7478617822221665,15.615997314453125,4.198516845703125
-2.3037831772857826,-6.498277526606319,14.665435791015625,4.198516845703125
-2.5779329183708604,-5.920110227731786,13.712066650390625,4.198516845703125
-2.8142114333362707,-5.354799120960073,12.761505126953125,4.198516845703125
-3.090794364259533,-4.798357313867207,11.811187744140625,4.198516845703125
-3.3558425130894047,-4.208224069067296,10.857696533203125,4.198516845703125
-3.6439917733764706,-3.6105675443801273,9.907257080078125,4.198516845703125
-3.9565453889260422,-3.0413577070218176,8.956695556640625,4.198516845703125
-4.1071977543982054,-2.4465394605959103,8.003326416015625,4.198516845703125
-4.378502161520908,-1.869727051984772,7.052886962890625,4.198516845703125
-4.721781897727965,-1.2793267911411752,6.102325439453125,4.198638916015625
-4.94611659643629,-0.6417356461866544,5.149078369140625,4.198516845703125
-5.204141205084696,-0.10004337094164939,4.198516845703125,4.198516845703125
-5.459832312138098,0.5584916744841926,3.248077392578125,4.198516845703125
-5.852540241328639,1.1511868654493402,2.294586181640625,4.198516845703125
-5.957405042754012,1.671446719966986,1.344146728515625,4.198516845703125
-6.276788051542647,2.366952368054336,0.393585205078125,4.198638916015625
1.16322185033822,-15.540707129848085,28.936920166015625,3.247955322265625
0.9433146036674471,-15.118257854498284,27.983917236328125,3.248077392578125
0.6516700879896975,-14.43341409948881,27.033355712890625,3.247955322265625
0.7916202779671568,-13.909040764514382,26.082916259765625,3.247955322265625
0.1587569399512711,-13.333261411752105,25.129547119140625,3.247955322265625
-0.08292612232263787,-12.822247205955733,24.178985595703125,3.248077392578125
-0.3180774236418983,-12.238432213124236,23.228424072265625,3.248077392578125
-0.5986981798393223,-11.633241231595912,22.275177001953125,3.248077392578125
-0.8512418995262129,-11.059140185544543,21.324737548828125,3.248077392578125
-1.0686477530684928,-10.428886309297901,20.374176025390625,3.247955322265625
-1.276496437847385,-9.989978833650278,19.420928955078125,3.248077392578125
-1.5775495351526998,-9.42440458340139,18.470245361328125,3.248077392578125
-1.8435888599070518,-8.822070495559856,17.519805908203125,3.248077392578125
-2.1023120849279557,-8.18910702470114,16.566558837890625,3.248077392578125
-2.331332427077144,-7.698120795417446,15.615997314453125,3.248077392578125
-2.6054281162991897,-7.1406735403062385,14.665557861328125,3.248077392578125
-2.8346354134692016,-6.55918557995509,13.712188720703125,3.248077392578125
-3.3934714749481247,-5.992492096305148,12.761505126953125,3.248077392578125
-3.3708602645297403,-5.408822664969883,11.811187744140625,3.248077392578125
-3.6500224280391453,-4.838621881493276,10.857818603515625,3.248077392578125
-3.9117727721626077,-4.168564210362546,9.907257080078125,3.248077392578125
-4.143278601823719,-3.6439442886589317,8.956817626953125,3.247955322265625
-4.428588611804017,-3.0707240079170943,8.003326416015625,3.248077392578125
-4.664390357542212,-2.4392816866519422,7.052886962890625,3.248077392578125
-4.917434093687883,-1.8986269662138087,6.102325439453125,3.248077392578125
-5.193859879891296,-1.227542665117081,5.149078369140625,3.248077392578125
-5.506803145236927,-0.692500951322163,4.198516845703125,3.248077392578125
-5.777802058641412,-0.07915499542675505,3.248077392578125,3.247955322265625
-6.009478226844074,0.5227179936823274,2.294708251953125,3.248077392578125
-6.262374181001852,1.1242335158221342,1.344146728515625,3.248077392578125
-6.518278323939179,1.7398266469715302,0.393707275390625,3.248077392578125
0.8936501024078747,-16.244804862231582,28.936920166015625,2.294586181640625
0.6866485903040617,-15.693400035629104,27.983917236328125,2.294708251953125
0.41265699403795153,-15.113626157134188,27.033355712890625,2.294708251953125
0.17591240459101432,-14.575530376967034,26.082916259765625,2.294708251953125
-0.06644554989673361,-14.015158149916005,25.129547119140625,2.294708251953125
-0.2937768643847439,-13.439857763229105,24.178863525390625,2.294708251953125
-0.5593649520488492,-12.865584384386576,23.228546142578125,2.294708251953125
-0.807105744080387,-12.46251223832926,22.275177001953125,2.294708251953125
-1.0595301158523147,-11.714979509630762,21.324737548828125,2.294586181640625
-1.3450392361909649,-11.14992994773078,20.374298095703125,2.294708251953125
-1.605183905961595,-10.643884621793845,19.420806884765625,2.294708251953125
-1.8262635269845822,-10.147662948695674,18.470245361328125,2.294708251953125
-2.0987927090969345,-9.4141326729451,17.519805908203125,2.294708251953125
-2.381846846612284,-8.860913011236075,16.566558837890625,2.294708251953125
-2.569605559408,-8.352585205450852,15.616119384765625,2.294708251953125
-2.897664689843027,-7.774862083008205,14.665557861328125,2.294708251953125
-3.1135768286779295,-7.2168048170518375,13.712066650390625,2.294708251953125
-3.3756664909271894,-6.651378505998075,12.761505126953125,2.294708251953125
-3.6736730792773056,-5.990502285017113,11.811187744140625,2.294708251953125
-3.9631152668513567,-5.428004687940616,10.857818603515625,2.294708251953125
-4.149087686009907,-4.859074579826327,9.907257080078125,2.294708251953125
-4.4095142950852555,-4.337048126005424,8.956817626953125,2.294708251953125
-4.712053768205173,-3.7090823244509927,8.003448486328125,2.294708251953125
-4.966412127890187,-3.1200051159603466,7.052886962890625,2.294586181640625
-5.2473190940988825,-2.5682496528447825,6.102447509765625,2.294708251953125
-5.476258937752867,-1.9127341821417823,5.149078369140625,2.294708251953125
-5.788752504115604,-1.3506284037847651,4.198516845703125,2.294708251953125
-6.033073099844847,-0.7516786427207309,3.248077392578125,2.294586181640625
-6.26226593742715,-0.12289930540297973,2.294708251953125,2.294586181640625
-6.612677962387632,0.49613487933280287,1.344268798828125,2.294708251953125
-6.8361858038202366,1.0782861888174993,0.393707275390625,2.294708251953125
0.6492233185337434,-16.835475594360364,28.936920166015625,1.344268798828125
0.39192255601478015,-16.301937721580998,27.983917236328125,1.344146728515625
0.11051801814086505,-15.717044308365859,27.033355712890625,1.344146728515625
-0.0759302575380826,-15.151409699356552,26.082916259765625,1.344146728515625
-0.3637482669001515,-14.60802930298476,25.129547119140625,1.344146728515625
-0.5825221150413465,-14.083697459081792,24.178863525390625,1.344146728515625
-0.870761394119566,-13.474208755185348,23.228424072265625,1.344146728515625
-1.0664540650307224,-12.953405411662455,22.275177001953125,1.344146728515625
-1.3775559288470767,-12.313575969764354,21.324737548828125,1.344146728515625
-1.576407704907783,-11.79621460426313,20.374298095703125,1.344146728515625
-1.8619468137948116,-11.199264150162177,19.420806884765625,1.344146728515625
-2.083189985069153,-10.648643553464744,18.470245361328125,1.344146728515625
-2.34362889812443,-10.125948642523326,17.519805908203125,1.344146728515625
-2.6045764404596716,-9.52544972989873,16.566558837890625,1.344146728515625
-2.8669074159914825,-8.961378602525585,15.615997314453125,1.344146728515625
-3.124557326547551,-8.322680761304044,14.665435791015625,1.344146728515625
-3.3863093793781753,-7.824898432659434,13.712066650390625,1.344268798828125
-3.6275681412695064,-7.2827352222715165,12.761505126953125,1.344268798828125
-4.015300420972671,-6.668218849720089,11.811065673828125,1.344268798828125
-4.169964807299548,-6.043051174199999,10.857818603515625,1.344146728515625
-4.434704341978042,-5.469832281035556,9.907257080078125,1.344146728515625
-4.715155989680403,-4.900098923687983,8.956695556640625,1.344268798828125
-4.970184121308246,-4.3431443586416565,8.003326416015625,1.344146728515625
-5.210534218514076,-3.7590470772097415,7.052886962890625,1.344146728515625
-5.49943920288975,-3.1659035327651823,6.102325439453125,1.344268798828125
-5.793721734268805,-2.5141830669352427,5.149078369140625,1.344268798828125
-6.028589168929209,-1.9872071430261427,4.198516845703125,1.344268798828125
-6.242867976276653,-1.3723498709741881,3.248077392578125,1.344268798828125
-6.5625803232973166,-0.7503507823338962,2.294708251953125,1.344268798828125
-6.8551297991075755,-0.15940276258476072,1.344268798828125,1.344146728515625
-7.085031822635869,0.5123293712505435,0.393707275390625,1.344146728515625
0.36995065456137965,-17.431249964195338,28.936920166015625,0.393707275390625
0.12495850726791291,-16.93210779322854,27.983917236328125,0.393707275390625
-0.15738815335212014,-16.309905305333313,27.033477783203125,0.393707275390625
-0.37566954297125,-15.778464754064117,26.082916259765625,0.393707275390625
-0.6291102616527022,-15.173661710912176,25.129547119140625,0.393707275390625
-0.8610423175645551,-14.643082605113111,24.178863525390625,0.393707275390625
-1.0888939693670792,-14.095608033144599,23.228424072265625,0.393707275390625
-1.4580724010732178,-13.47970338741993,22.275177001953125,0.393707275390625
-1.5866809301579892,-12.997363937041577,21.324737548828125,0.393707275390625
-1.8829966299503391,-12.379914674072001,20.374176025390625,0.393707275390625
-2.1516731178863426,-11.822978135895392,19.420806884765625,0.393707275390625
-2.391042120002264,-11.295377805281142,18.470245361328125,0.393707275390625
-2.6616206784016043,-10.956764466917527,17.519805908203125,0.393707275390625
-2.9045419657371596,-10.088721257542566,16.566558837890625,0.393707275390625
-3.166721272455159,-9.523815708566632,15.615997314453125,0.393707275390625
-3.4140884012179735,-8.976291548955368,14.665557861328125,0.393707275390625
-3.686314482303994,-8.447246579790802,13.712066650390625,0.393707275390625
-3.8526360431964606,-7.840219313497467,12.761627197265625,0.393707275390625
-4.226308569959401,-7.26054286009291,11.811065673828125,0.393707275390625
-4.470334464904493,-6.693874453949331,10.857818603515625,0.393707275390625
-4.7126434849257155,-6.101064549412346,9.907257080078125,0.393707275390625
-4.991993359207555,-5.559528991681595,8.956817626953125,0.393707275390625
-5.245445072125543,-4.929957671708533,8.003326416015625,0.393707275390625
-5.513559140938841,-4.491044585509951,7.052886962890625,0.393707275390625
-5.765044712571888,-3.763521277666362,6.102447509765625,0.393707275390625
-6.057975539799941,-3.1398554812699446,5.149078369140625,0.393707275390625
-6.314431017445035,-2.616941674938256,4.198516845703125,0.393707275390625
-6.568432792938509,-1.9763470578062632,3.248077392578125,0.393707275390625
-6.8534033512657295,-1.3718986536968605,2.294708251953125,0.393707275390625
-7.11828366189658,-0.7323415043391138,1.344268798828125,0.393707275390625
-7.382779161561091,-0.13045313092389532,0.393707275390625,0.393707275390625
